$SPEC_ID:
Co60-18-9
$SPEC_REM:
DET# 1
DETDESC# MCB 1
AP# Maestro Version 5.30
$DATE_MEA:
01/02/2000 02:09:41
$MEAS_TIM:
1350 1800
$DATA:
0 1023
       0
       0
       0
       0
     972
    4228
    3649
    3430
    2926
    2572
    2516
    2502
    2549
    2706
    2931
    3385
    4306
    5303
    7036
    9311
   11344
   13458
   14845
   15330
   15417
   14482
   12689
   10976
    9319
    7533
    6076
    5165
    4456
    3969
    3587
    3512
    3478
    3469
    3387
    3493
    3512
    3573
    3719
    3806
    3826
    3842
    3868
    3953
    4038
    4108
    4224
    4192
    4194
    4281
    4376
    4307
    4519
    4275
    4346
    4428
    4395
    4284
    4360
    4348
    4377
    4367
    4409
    4460
    4238
    4447
    4509
    4466
    4442
    4418
    4369
    4347
    4471
    4324
    4470
    4480
    4367
    4436
    4454
    4475
    4376
    4336
    4393
    4396
    4385
    4412
    4259
    4204
    4341
    4376
    4209
    4292
    4181
    4315
    4265
    4364
    4275
    4246
    4275
    4244
    4325
    4405
    4407
    4386
    4382
    4332
    4485
    4432
    4644
    4641
    4751
    4781
    4801
    4900
    4873
    4910
    4958
    5059
    5114
    5284
    5215
    5142
    5166
    5128
    5176
    5116
    5153
    5148
    4958
    4954
    4930
    4818
    4845
    4843
    4665
    4760
    4668
    4459
    4629
    4461
    4327
    4347
    4349
    4286
    4278
    4186
    4056
    4160
    4291
    4065
    3904
    3997
    3957
    3853
    3826
    3847
    3790
    3745
    3691
    3709
    3673
    3725
    3655
    3628
    3587
    3617
    3434
    3438
    3451
    3398
    3505
    3457
    3291
    3324
    3156
    3216
    3146
    3225
    3189
    3136
    3089
    3089
    3095
    3118
    3101
    2970
    3099
    2910
    2890
    2923
    2966
    2964
    2922
    2919
    2850
    2838
    2897
    2848
    2859
    2790
    2812
    2762
    2708
    2747
    2826
    2760
    2658
    2717
    2783
    2762
    2707
    2740
    2660
    2661
    2607
    2688
    2650
    2582
    2615
    2585
    2530
    2606
    2591
    2592
    2574
    2557
    2508
    2475
    2518
    2593
    2497
    2553
    2449
    2502
    2507
    2521
    2484
    2548
    2480
    2492
    2383
    2462
    2374
    2510
    2534
    2436
    2441
    2404
    2505
    2501
    2425
    2435
    2418
    2463
    2501
    2454
    2467
    2390
    2508
    2494
    2495
    2459
    2414
    2444
    2327
    2349
    2356
    2416
    2284
    2266
    2331
    2260
    2238
    2260
    2133
    2186
    2156
    2112
    2207
    1973
    1922
    1921
    1832
    1969
    1806
    1735
    1782
    1652
    1663
    1564
    1576
    1524
    1419
    1393
    1323
    1346
    1268
    1211
    1206
    1178
    1084
    1095
    1057
     908
     921
     944
     949
     924
     853
     891
     798
     786
     811
     705
     746
     770
     677
     675
     615
     614
     662
     644
     626
     594
     567
     590
     587
     560
     580
     575
     598
     517
     546
     581
     536
     549
     526
     499
     560
     508
     519
     515
     551
     559
     541
     592
     567
     620
     599
     636
     669
     698
     689
     701
     746
     827
     836
     934
     966
    1027
    1012
    1199
    1270
    1351
    1475
    1506
    1614
    1828
    1920
    2207
    2245
    2475
    2680
    2674
    3121
    3301
    3433
    3737
    3958
    4325
    4486
    4855
    5040
    5440
    5601
    6001
    6470
    6612
    6863
    7116
    7590
    7774
    8223
    8215
    8583
    8935
    9023
    9220
    9332
    9522
    9564
    9488
    9860
    9699
    9659
    9735
    9487
    9611
    9344
    9408
    9186
    9024
    8720
    8600
    8426
    8127
    7682
    7584
    7168
    7086
    6689
    6375
    6157
    5661
    5384
    5018
    4851
    4603
    4179
    3911
    3739
    3398
    3133
    2876
    2688
    2685
    2322
    2176
    1967
    1802
    1626
    1472
    1358
    1211
    1103
    1001
     933
     852
     799
     706
     670
     609
     589
     503
     429
     396
     356
     350
     333
     285
     280
     253
     231
     231
     218
     180
     204
     197
     140
     130
     149
     136
     123
     127
     122
     127
     103
     124
      98
      97
      99
     119
     103
     113
     105
      76
      80
      84
      91
      88
      78
      75
      66
      75
      70
      84
      64
      65
      74
      75
      66
      70
      69
      63
      51
      65
      61
      58
      61
      59
      52
      55
      61
      56
      57
      65
      44
      52
      59
      61
      49
      50
      55
      61
      58
      56
      51
      70
      63
      67
      42
      66
      50
      67
      47
      62
      55
      54
      67
      53
      60
      53
      43
      68
      38
      56
      53
      45
      52
      60
      44
      49
      45
      47
      47
      51
      53
      49
      48
      49
      51
      40
      54
      44
      52
      58
      49
      58
      59
      49
      53
      40
      32
      53
      42
      44
      47
      63
      42
      41
      38
      47
      40
      33
      57
      43
      47
      44
      48
      37
      41
      42
      41
      47
      50
      32
      49
      47
      43
      51
      47
      34
      23
      44
      48
      36
      37
      25
      32
      41
      44
      31
      36
      43
      43
      39
      35
      37
      36
      35
      30
      32
      34
      43
      44
      34
      34
      29
      30
      27
      36
      31
      34
      30
      41
      32
      35
      43
      32
      35
      25
      31
      38
      43
      27
      35
      33
      30
      37
      25
      30
      32
      34
      35
      31
      29
      42
      29
      47
      36
      40
      34
      36
      25
      36
      36
      38
      41
      31
      42
      37
      25
      36
      27
      36
      29
      29
      33
      31
      35
      34
      40
      31
      36
      33
      27
      39
      29
      27
      28
      26
      29
      25
      28
      40
      33
      32
      20
      28
      36
      35
      31
      31
      34
      31
      18
      23
      36
      34
      35
      28
      28
      20
      33
      18
      21
      24
      30
      27
      21
      28
      23
      26
      18
      17
      34
      25
      26
      29
      20
      30
      34
      20
      25
      28
      30
      28
      31
      18
      26
      25
      26
      27
      26
      19
      24
      20
      24
      28
      23
      17
      19
      23
      16
      20
      21
      24
      22
      25
      16
      21
      23
      21
      24
      16
      19
      16
      14
      15
      20
      22
      17
      24
      18
      21
      25
      26
      22
      18
      25
      22
      29
      17
      20
      25
      18
      14
      25
      25
      19
      20
      23
      11
      18
      14
      13
      17
      27
      15
      20
      20
      17
      23
      21
      16
      25
      19
      11
      15
      23
      19
      18
      17
      22
      28
      17
      15
      25
      19
      19
      34
      18
      18
      23
      15
      24
      27
      22
      18
      28
      31
      23
      16
      26
      26
      23
      24
      14
      15
      25
      26
      23
      26
      31
      26
      30
      25
      24
      29
      26
      33
      27
      24
      31
      24
      26
      36
      18
      25
      35
      27
      30
      40
      36
      38
      30
      28
      25
      36
      38
      31
      30
      39
      34
      34
      25
      39
      33
      19
      29
      41
      23
      28
      44
      26
      29
      25
      32
      31
      15
      39
      28
      28
      34
      33
      27
      21
      27
      27
      24
      20
      21
      14
      22
      24
      23
      28
      15
      15
      20
      15
      24
      21
      17
      21
      26
      10
      16
      19
      14
      16
      19
      17
      15
      12
      14
      11
      10
      13
      13
       8
      12
       9
      12
      10
       7
       5
       9
       8
      17
      10
       9
      13
       8
       5
      10
       7
       6
       5
      12
       5
       6
      11
       7
      11
      10
      10
      11
       6
       8
      11
       6
       7
      10
       5
       4
       7
       9
       7
       5
      10
       7
      11
       8
       8
       7
       9
       3
       8
       7
       2
       8
       5
      10
       4
       5
       7
       3
       6
       6
       5
       5
       6
       8
       5
       5
     107
     124
      94
     124
     124
     143
     125
     118
     124
     126
     118
     119
     130
     139
     122
     126
     116
     112
     134
     122
     125
     117
     127
     109
$ROI:
0
$PRESETS:
Real Time
1800
0
$ENER_FIT:
0.000000 0.000000
$MCA_CAL:
3
0.000000E+000 0.000000E+000 0.000000E+000
$SHAPE_CAL:
3
0.000000E+000 0.000000E+000 0.000000E+000
