$SPEC_ID:
Na22-18-9
$SPEC_REM:
DET# 1
DETDESC# MCB 1
AP# Maestro Version 5.30
$DATE_MEA:
01/01/2000 17:20:48
$MEAS_TIM:
1554 1800
$DATA:
0 1023
       0
       0
       0
       0
     432
    1318
     803
     694
     880
     814
     692
     677
     657
     698
     657
     731
     749
     775
     779
     774
     787
     785
     876
     799
     877
     870
     850
     898
     961
     941
     978
    1037
    1126
    1148
    1154
    1249
    1396
    1405
    1399
    1540
    1645
    1779
    1830
    1811
    1982
    1984
    2153
    2162
    2250
    2241
    2305
    2343
    2349
    2419
    2507
    2466
    2533
    2429
    2432
    2585
    2647
    2463
    2587
    2459
    2545
    2527
    2490
    2525
    2526
    2438
    2402
    2509
    2442
    2359
    2421
    2438
    2322
    2377
    2403
    2321
    2406
    2331
    2249
    2228
    2136
    2211
    2178
    2123
    2146
    2134
    2077
    2080
    2017
    2126
    1997
    1908
    1931
    1952
    1929
    1918
    1880
    1931
    1901
    1936
    1868
    1833
    1885
    1819
    1848
    1831
    1798
    1843
    1808
    1768
    1729
    1779
    1745
    1819
    1752
    1705
    1747
    1624
    1639
    1560
    1522
    1633
    1556
    1585
    1510
    1482
    1531
    1456
    1465
    1508
    1389
    1458
    1397
    1382
    1410
    1426
    1410
    1306
    1326
    1368
    1363
    1285
    1319
    1271
    1267
    1286
    1274
    1200
    1220
    1238
    1214
    1169
    1144
    1128
    1120
    1097
    1073
    1026
    1098
    1122
    1073
    1065
    1072
    1001
     954
     933
     942
     976
     951
     916
     855
     907
     945
     924
     876
     878
     830
     888
     832
     883
     859
     812
     787
     828
     848
     833
     857
     827
     756
     734
     752
     759
     745
     749
     764
     727
     694
     709
     699
     707
     689
     634
     612
     609
     603
     621
     587
     570
     569
     578
     530
     564
     566
     525
     512
     507
     496
     486
     484
     476
     505
     445
     463
     399
     451
     453
     398
     417
     351
     397
     383
     375
     385
     374
     365
     367
     380
     363
     373
     393
     329
     348
     331
     361
     374
     319
     351
     332
     308
     319
     324
     328
     324
     340
     351
     311
     335
     305
     314
     304
     344
     308
     357
     297
     352
     312
     368
     364
     340
     358
     367
     362
     385
     384
     420
     398
     435
     457
     483
     517
     555
     519
     616
     617
     707
     662
     708
     824
     842
     879
     916
     956
    1011
    1108
    1124
    1244
    1261
    1282
    1292
    1332
    1405
    1510
    1538
    1573
    1561
    1564
    1573
    1587
    1607
    1678
    1595
    1657
    1532
    1588
    1558
    1563
    1443
    1394
    1377
    1355
    1258
    1208
    1244
    1131
    1099
    1040
     958
     925
     851
     769
     799
     725
     662
     634
     587
     538
     577
     511
     479
     417
     404
     389
     380
     339
     338
     317
     253
     337
     273
     273
     258
     249
     227
     209
     215
     228
     226
     202
     185
     195
     170
     193
     186
     214
     176
     188
     156
     183
     157
     188
     175
     169
     172
     170
     164
     163
     161
     150
     175
     164
     144
     151
     133
     156
     153
     152
     138
     148
     137
     134
     158
     155
     145
     142
     125
     155
     135
     140
     151
     125
     142
     149
     132
     139
     114
     132
     142
     133
     135
     119
     114
     145
     123
     131
     138
     124
     135
     130
     146
     118
     117
     121
     120
     137
     140
     134
     131
     135
     118
     116
     134
     100
     151
     134
     117
     119
     125
     108
     116
     108
     129
     133
     113
     125
     111
     123
     121
     128
     123
     114
     118
     114
     126
     125
     113
     125
     124
     110
     119
     125
      98
     111
     132
     111
     118
     106
     107
     118
     109
      95
     118
     113
     111
      98
      94
     137
     113
     117
     108
     120
     102
     106
     123
     111
     113
     110
     109
     113
     100
     101
     101
     116
     122
     105
     129
     107
     101
     111
     111
     103
      97
     137
     113
     129
     124
     126
      96
     121
     121
      99
     107
     122
     122
     138
     110
     114
     121
      96
     108
     119
     117
     124
     100
     111
     103
     106
     102
     109
     109
     128
     120
     133
     127
     131
     110
     109
     129
     133
     114
     107
     105
     139
     121
     111
     110
     110
     111
     128
     129
     118
     115
     101
     135
     126
     144
     107
     115
     101
     106
     131
     119
     112
     122
     113
     115
     138
     131
     113
      98
     112
     131
     103
     113
     111
     112
     107
     113
     130
     123
     117
     123
     122
     116
     100
     114
     101
     112
     107
      99
     106
     103
      91
      96
     104
      99
     125
      88
     108
     107
      88
      87
     106
     104
     113
     102
     107
     114
      85
     113
      96
     105
     124
      89
      75
      96
      88
      90
      93
      92
      92
      81
      91
      79
      97
      89
      80
      88
      88
      82
      80
      81
      72
      81
      57
      65
      66
      67
      82
      87
      68
      71
      76
      83
      77
      70
      65
      72
      65
      65
      65
      64
      67
      55
      68
      66
      53
      85
      69
      61
      57
      43
      53
      48
      34
      56
      59
      48
      55
      56
      65
      64
      56
      38
      47
      52
      48
      45
      42
      61
      71
      51
      51
      47
      54
      50
      49
      63
      66
      67
      54
      56
      48
      58
      50
      62
      51
      58
      64
      60
      71
      42
      61
      71
      73
      65
      79
      95
      76
      85
      70
      78
      82
      86
     100
      85
      82
      98
     117
     104
      96
     100
     104
     119
     124
     107
     138
     142
     150
     152
     142
     129
     139
     146
     156
     156
     155
     154
     176
     197
     181
     177
     176
     185
     170
     171
     168
     187
     187
     183
     178
     175
     203
     183
     184
     187
     190
     172
     166
     224
     188
     194
     165
     171
     180
     190
     174
     191
     174
     150
     172
     182
     161
     131
     164
     132
     138
     152
     131
     131
     133
     126
     129
     126
     100
     115
     102
      99
     106
     110
      91
      88
      77
      90
      90
      76
      88
      66
      82
      67
      52
      64
      72
      73
      49
      50
      47
      57
      46
      35
      49
      49
      50
      49
      51
      48
      57
      51
      33
      37
      40
      38
      39
      34
      34
      53
      38
      35
      26
      39
      33
      39
      41
      42
      30
      39
      39
      36
      36
      35
      32
      42
      43
      40
      45
      38
      38
      32
      40
      43
      52
      51
      36
      35
      27
      40
      49
      35
      42
      49
      43
      39
      44
      48
      42
      50
      38
      49
      38
      30
      34
      33
      40
      46
      41
      50
      38
      40
      38
      44
      32
      32
      38
      36
      40
      33
      28
      35
      25
      29
      30
      28
      26
      27
      18
      31
      19
      24
      20
      14
      27
      31
      24
      18
      19
      20
      10
      21
      22
      22
      23
      14
      15
      13
      13
      20
      12
      18
      20
      15
      19
      19
      17
      18
      17
      11
      24
      16
      11
      19
      18
      17
      11
      17
      14
      15
      16
      17
      13
      17
      14
      16
      12
      12
      13
      13
      14
      14
      15
       8
      11
       7
      10
      12
      12
      11
      14
       9
       9
      11
      11
       9
       9
       5
       4
       9
       5
      12
      15
       8
      11
       7
       5
      14
       9
      10
       8
       3
       6
      12
       7
       6
      11
      10
      13
       7
      11
      11
       6
       8
       8
       7
       9
      16
       4
       6
       7
     137
     144
     170
     138
     153
     153
     170
     154
     171
     160
     142
     154
     158
     161
     133
     162
     144
     143
     134
     171
     147
     139
     134
     122
$ROI:
0
$PRESETS:
Real Time
1800
0
$ENER_FIT:
0.000000 0.000000
$MCA_CAL:
3
0.000000E+000 0.000000E+000 0.000000E+000
$SHAPE_CAL:
3
0.000000E+000 0.000000E+000 0.000000E+000
