$SPEC_ID:
prueba
$SPEC_REM:
DET# 1
DETDESC# MULTICAN MCB 1
AP# Maestro Version 5.30
$DATE_MEA:
01/07/2000 09:56:44
$MEAS_TIM:
2666 51804
$DATA:
0 1023
       0
       0
       0
       0
       7
     174
      88
      39
      65
      71
     105
      76
      57
      47
       4
       2
       2
       0
       0
       0
       1
       1
       0
       0
       0
       0
       0
       0
       1
       0
       0
       0
       0
       0
       0
       1
       0
       0
       0
       1
       2
       1
       3
       1
       0
       2
       6
       2
       5
       3
       3
       3
       7
       1
       2
       9
       4
       3
       8
       8
       6
       6
      12
      17
       6
      10
       8
      11
       8
       6
       9
      16
       8
       6
       6
       9
       7
       7
      10
      14
      14
      14
      16
      16
       9
      29
      24
      22
      25
      27
      34
      31
      35
      43
      34
      44
      50
      42
      62
      33
      44
      33
      23
      32
      25
      24
      18
      19
      16
      16
      20
      14
      19
       6
      11
      10
       6
       7
       9
       9
      10
       9
      12
      12
      19
      17
      15
      13
      14
       7
      12
       8
       9
      15
       9
      19
      10
      14
      14
      18
      18
      14
      16
       9
       9
      12
       8
       9
      12
      10
       5
      14
      10
       4
       9
       7
      16
       8
       7
       7
      14
       6
       9
      13
       6
       9
       9
      12
      14
       6
       5
      11
       7
      10
       9
       5
       8
      12
       8
      14
       9
      10
      10
       4
      13
      12
      10
       8
       9
       8
       7
       9
       8
       5
       8
       9
      12
      13
      10
       6
       6
      12
       8
      10
       8
      16
      29
      36
      50
      63
      77
      56
      53
      47
      26
      23
       9
       9
      11
      15
       6
      19
       8
      19
      17
      21
      23
      14
      16
      18
      18
      12
      18
      17
      11
      17
      17
      11
      11
       9
      13
       4
       6
      11
      12
       7
       8
       8
      12
       5
       7
      12
       8
       8
       6
       7
       9
      10
       7
       7
      10
      10
       5
       8
      15
       4
       9
      11
       8
      14
      10
      11
       8
      10
      10
      10
       6
       7
      10
       8
       8
      11
       9
      11
       7
       6
       9
      10
       7
      13
      16
      16
      10
      16
       9
      19
      14
       9
      12
      10
       7
       8
       8
       6
      13
      10
       4
      11
       7
      11
      10
       6
       5
       5
       9
       8
       7
       8
      10
       8
       7
       6
       7
      11
      10
      19
      22
      33
      38
      33
      43
      47
      34
      29
      24
      17
      12
       9
      10
       9
       8
       9
      11
       6
      13
       4
       7
       5
      10
      12
      12
       9
       8
      12
       8
       8
       6
       7
      12
      10
       7
      11
       8
       9
      10
       9
      12
       6
      13
      14
      13
      19
      14
      20
      17
      24
      19
      30
      33
      40
      81
     107
     157
     195
     269
     341
     380
     356
     354
     303
     259
     187
     114
      64
      34
      21
      18
      12
      13
       1
       3
       4
       4
       6
       8
       6
       3
       7
       6
       8
       5
       4
       4
       8
       7
       4
       4
       2
       5
       4
       3
       5
       4
       1
       4
       4
       4
       8
       3
       1
       2
       5
       6
       6
      10
      15
      17
      11
      15
      14
      14
      11
      13
      20
       6
      13
      12
      10
      15
      13
      11
      13
      15
      14
       6
       7
      11
      15
       9
      14
      14
      31
      32
      32
      50
      71
      89
      78
      83
      70
      73
      67
      60
      72
      36
      38
      26
      24
      20
      18
      16
      18
      17
      45
      55
      69
      90
     124
     155
     215
     201
     220
     206
     183
     131
     124
      83
      71
      46
      31
      30
      24
      12
      13
       8
       4
       3
       4
       3
       2
       6
       4
       1
       3
       6
       2
       3
       7
       4
       4
       4
       9
       1
       4
       5
       3
       2
       4
       3
       4
       2
       3
       1
       1
       3
       2
       8
       4
       3
       1
       2
       4
       2
       3
       3
       5
       1
       3
       2
       3
       3
       3
       3
       4
       2
       6
       5
       7
       2
       2
       2
       4
       0
       9
       6
       3
       6
      17
      15
      14
      23
      18
      37
      49
      34
      37
      23
      26
      19
      21
       9
       8
      10
      16
      14
      13
       9
      19
      15
      17
      31
      22
      30
      17
      26
      13
      23
      27
      19
      16
      36
      32
      34
      59
      78
      76
      99
     118
     134
     144
     152
     148
     112
     115
      89
      53
      49
      30
      21
       6
       4
       5
       2
       1
       3
       2
       1
       1
       3
       0
       1
       0
       2
       0
       0
       0
       1
       1
       0
       2
       2
       2
       0
       0
       3
       1
       0
       0
       0
       2
       1
       3
       0
       3
       1
       1
       1
       0
       1
       2
       1
       1
       1
       1
       2
       1
       4
       1
       5
       2
       3
       3
       0
       6
       1
       2
       2
       3
       6
       6
      10
       9
      19
      22
      19
      20
      22
      38
      29
      31
      20
       9
      11
       7
       6
       5
       8
       3
       3
       4
       6
       5
      13
       3
       3
       1
       1
       0
       0
       2
       1
       0
       0
       3
       1
       1
       2
       6
       2
       3
      11
      10
      15
       6
      10
      18
      16
      11
       4
       4
       5
       5
       1
       2
       0
       1
       0
       0
       0
       0
       0
       0
       0
       0
       1
       0
       1
       0
       1
       0
       0
       0
       2
     303
     952
       0
       0
       0
       0
       0
       0
       0
       0
       0
       0
       0
       0
       0
       0
       0
       0
       0
       0
       0
       0
       0
       0
       0
       0
       0
       0
       0
       0
       0
       0
       0
       0
       0
       0
       0
       0
       0
       0
       0
       0
       0
       0
       0
       0
       0
       0
       0
       0
       0
       0
       0
       0
       0
       0
       0
       0
       0
       0
       0
       0
       0
       0
       0
       0
       0
       0
       0
       0
       0
       0
       0
       0
       0
       0
       0
       0
       0
       0
       0
       0
       0
       0
       0
       0
       0
       0
       0
       0
       0
       0
       0
       0
       0
       0
       0
       0
       0
       0
       0
       0
       0
       0
       0
       0
       0
       0
       0
       0
       0
       0
       0
       0
       0
       0
       0
       0
       0
       0
       0
       0
       0
       0
       0
       0
       0
       0
       0
       0
       0
       0
       0
       0
       0
       0
       0
       0
       0
       0
       0
       0
       0
       0
       0
       0
       0
       0
       0
       0
       0
       0
       0
       0
       0
       0
       0
       0
       0
       0
       0
       0
       0
       0
       0
       0
       0
       0
       0
       0
       0
       0
       0
       0
       0
       0
       0
       0
       0
       0
       0
       0
       0
       0
       0
       0
       0
       0
       0
       0
       0
       0
       0
       0
       0
       0
       0
       0
       0
       0
       0
       0
       0
       0
       0
       0
       0
       0
       0
       0
       0
       0
       0
       0
       0
       0
       0
       0
       0
       0
       0
       0
       0
       0
       0
       0
       0
       0
       0
       0
       0
       0
       0
       0
       0
       0
       0
       0
       0
       0
       0
       0
       0
       0
       0
       0
       0
       0
       0
       0
       0
       0
       0
       0
       0
       0
       0
       0
       0
       0
       0
       0
       0
       0
       0
       0
       0
       0
       0
       0
       0
$ROI:
0
$PRESETS:
None
0
0
$ENER_FIT:
0.000000 0.000000
$MCA_CAL:
3
0.000000E+000 0.000000E+000 0.000000E+000
$SHAPE_CAL:
3
0.000000E+000 0.000000E+000 0.000000E+000
