$SPEC_ID:
prueba
$SPEC_REM:
DET# 1
DETDESC# MULTICAN MCB 1
AP# Maestro Version 5.30
$DATE_MEA:
01/08/2000 00:22:33
$MEAS_TIM:
142 18544
$DATA:
0 1023
       0
       0
       1
       0
       9
      73
      32
      11
       5
       1
       7
       5
       3
       3
       1
       1
       2
       1
       1
       1
       1
       1
       0
       0
       0
       0
       1
       1
       1
       0
       0
       3
       0
       0
       0
       0
       1
       0
       1
       1
       1
       0
       2
       1
       2
       1
       1
       4
       1
       0
       0
       1
       2
       3
       1
       3
       3
       4
       1
       6
       4
       3
       2
       3
       2
       1
       4
       3
       3
       2
       2
       1
       1
       4
       5
       3
       6
       6
       3
       4
      10
       4
       1
       5
       4
       3
       8
       8
      10
       6
      14
      15
      25
      35
      58
      69
      69
      67
      62
      83
      62
      64
      54
      44
      30
      22
      21
      18
      19
      10
      20
      10
      12
       9
       9
      15
       5
      11
       6
       5
       3
       6
      10
       5
       5
       9
       8
       7
       8
       5
       7
      13
       6
      15
      10
       7
       4
       7
      14
      12
       5
       5
       5
       7
       4
       4
       5
       4
       0
       9
       4
       3
       3
       2
       7
       4
       2
       5
       3
       1
       3
       0
       4
       3
       5
       5
       4
       3
       1
       3
       4
       3
       1
       4
       7
       3
       1
       3
       4
       3
       4
       6
       1
       5
       2
       4
       2
       5
       7
       6
       3
       5
       3
       2
       4
       6
       5
       1
       2
       5
       3
       3
       5
       2
       2
       3
       9
       3
       5
      10
      17
       7
       5
       8
       1
       5
       4
       4
       2
       7
       9
       6
       6
       4
       6
      12
       6
       8
       9
       4
       4
       8
       4
       3
       7
       3
       4
       2
       3
       8
       3
       2
       2
       1
       5
       5
       1
       2
       3
       4
       3
       1
       0
       2
       3
       4
       2
       5
       3
       6
       3
       3
       3
       3
       4
       3
       4
       1
       3
       5
       2
       3
       2
       4
       3
       5
       4
       3
       3
       2
       3
       2
       5
       6
       2
       3
       2
       2
       6
       1
      11
       7
       9
      12
       3
      12
       8
      15
       4
       5
       5
       1
       4
       6
       3
       1
       3
       2
       1
       4
       3
       2
       6
       5
       3
       4
       4
       6
       2
       3
       6
       3
       1
       2
      15
      18
      14
      25
      18
      34
      45
      44
      21
      30
      19
      13
      11
       7
       4
       6
       4
       5
       5
       3
       5
       4
       4
       9
       4
       2
       6
       8
       7
       5
       5
       3
       2
       5
       6
       5
       4
       8
       6
       5
       5
      10
       7
       8
       8
      10
      16
      14
      15
      13
      18
      28
      25
      27
      35
      51
      62
      98
     119
     152
     209
     283
     299
     312
     302
     262
     217
     163
     103
      70
      48
      25
      15
       4
       7
       3
       7
       9
      11
       6
      10
       7
       4
       7
       2
       2
       1
       3
       4
       1
       7
       2
       3
       2
       1
       5
       3
       2
       2
       3
       2
       2
       1
       1
       2
       5
       3
       2
       6
       4
       3
       8
       8
       5
      13
      13
       5
       9
       6
       5
      12
       7
       9
       8
       8
       7
       9
       5
      10
       3
       7
      11
       8
      10
       5
      10
      11
      19
      19
      23
      41
      48
      59
      47
      73
      62
      59
      49
      43
      29
      47
      21
      20
      17
      23
      11
      21
      19
      22
      25
      39
      49
      73
      89
     106
     133
     169
     162
     149
     135
     115
      97
      70
      54
      31
      22
      20
      13
      13
       8
       5
       6
       1
       5
       1
       1
       1
       1
       1
       4
       4
       5
       4
       2
       2
       2
       5
       4
       3
       1
       3
       2
       0
       0
       2
       1
       0
       2
       1
       2
       1
       1
       0
       0
       2
       2
       2
       0
       2
       1
       0
       1
       0
       1
       0
       3
       3
       1
       0
       3
       3
       1
       5
       0
       0
       5
       8
       0
       2
       3
       1
       3
       2
       6
       9
      10
      20
      24
      23
      37
      20
      19
      22
      18
      10
      11
       3
       9
       6
       8
       4
       9
       9
      10
       9
       6
       8
       6
       9
       9
      10
       6
       8
       1
       3
       1
       1
       3
       2
       2
       3
       2
       7
       5
       4
       3
       5
       6
       7
       7
       4
       1
       0
       0
       2
       0
       1
       2
       1
       0
       0
       1
       0
       0
       0
       2
       0
       0
       0
       0
       0
       1
       0
       1
       0
       0
       0
       0
       0
       0
       0
       0
       0
       0
       0
       0
       0
       0
       0
       0
       0
       0
       1
       0
       1
       0
       0
       0
       0
       1
       0
       0
       1
       1
       0
       0
       0
       0
       0
       0
       1
       0
       0
       0
       1
       1
       0
       0
       0
       1
       1
       1
       0
       3
       2
       0
       1
       0
       1
       0
       0
       1
       0
       0
       1
       1
       0
       0
       0
       1
       1
       0
       0
       1
       2
       1
       2
       0
       0
       0
       0
       0
       3
       1
       6
       2
       3
       5
       9
      11
       9
       8
      11
       5
      12
      12
       6
       1
       3
       2
       1
       1
       0
       0
       1
       1
       0
       0
       1
       0
       1
       0
       1
       0
       0
       0
       0
       0
       0
      89
      76
       0
       0
       0
       0
       0
       0
       0
       0
       0
       0
       0
       0
       0
       0
       0
       0
       0
       0
       0
       0
       0
       0
       0
       0
       0
       0
       0
       0
       0
       0
       0
       0
       0
       0
       0
       0
       0
       0
       0
       0
       0
       0
       0
       0
       0
       0
       0
       0
       0
       0
       0
       0
       0
       0
       0
       0
       0
       0
       0
       0
       0
       0
       0
       0
       0
       0
       0
       0
       0
       0
       0
       0
       0
       0
       0
       0
       0
       0
       0
       0
       0
       0
       0
       0
       0
       0
       0
       0
       0
       0
       0
       0
       0
       0
       0
       0
       0
       0
       0
       0
       0
       0
       0
       0
       0
       0
       0
       0
       0
       0
       0
       0
       0
       0
       0
       0
       0
       0
       0
       0
       0
       0
       0
       0
       0
       0
       0
       0
       0
       0
       0
       0
       0
       0
       0
       0
       0
       0
       0
       0
       0
       0
       0
       0
       0
       0
       0
       0
       0
       0
       0
       0
       0
       0
       0
       0
       0
       0
       0
       0
       0
       0
       0
       0
       0
       0
       0
       0
       0
       0
       0
       0
       0
       0
       0
       0
       0
       0
       0
       0
       0
       0
       0
       0
       0
       0
       0
       0
       0
       0
       0
       0
       0
       0
       0
       0
       0
       0
       0
       0
       0
       0
       0
       0
       0
       0
       0
       0
       0
       0
       0
       0
       0
       0
       0
       0
       0
       0
       0
       0
       0
       0
       0
       0
       0
       0
       0
       0
       0
       0
       0
       0
       0
       0
       0
       0
       0
       0
       0
       0
       0
       0
       0
       0
       0
       0
       0
       0
       0
       0
       0
       0
       0
       0
       0
       0
       0
       0
       0
       0
       0
       0
       0
       0
       0
       0
       0
       0
       0
$ROI:
0
$PRESETS:
None
0
0
$ENER_FIT:
0.000000 0.000000
$MCA_CAL:
3
0.000000E+000 0.000000E+000 0.000000E+000
$SHAPE_CAL:
3
0.000000E+000 0.000000E+000 0.000000E+000
