$SPEC_ID:
prueba
$SPEC_REM:
DET# 1
DETDESC# MULTICAN MCB 1
AP# Maestro Version 5.30
$DATE_MEA:
01/01/2000 02:30:08
$MEAS_TIM:
216 240
$DATA:
0 1023
       0
       0
       0
       0
       0
       0
       0
       3
       2
       9
      13
       9
       4
       2
       4
       0
       0
       0
       0
       0
       0
       0
       0
       0
       0
       0
       0
       0
       0
       0
       0
       0
       0
       0
       0
       1
       0
       0
       0
       1
       1
       0
       0
       2
       0
       0
       1
       0
       0
       0
       3
       2
       1
       1
       1
       1
       1
       0
       4
       1
       0
       2
       1
       3
       3
       4
       4
       0
       0
       1
       0
       4
       4
       0
       2
       0
       3
       0
       1
       2
       2
       2
       2
       4
       4
       2
       3
       1
       5
       5
       4
       6
       8
      12
      22
      26
      33
      31
      39
      39
      32
      29
      28
      11
      20
      17
      17
       5
       7
       6
       3
       4
       2
       1
       9
       5
       3
       2
       2
       4
       3
       2
       0
       3
       3
       3
       3
       5
       4
       3
       6
       3
       5
       8
       5
      10
       4
      13
       6
       3
       5
       5
       4
       4
       4
       2
       2
       0
       4
       5
       3
       2
       1
       2
       2
       0
       1
       2
       0
       2
       1
       6
       3
       4
       2
       3
       4
       2
       0
       1
       0
       3
       0
       0
       0
       0
       1
       0
       2
       4
       1
       0
       0
       1
       2
       1
       0
       1
       1
       0
       3
       3
       0
       1
       2
       2
       4
       1
       0
       0
       1
       3
       3
       1
       2
       4
       2
       0
       6
       4
       6
       3
       2
       2
       0
       1
       0
       2
       2
       0
       1
       3
       0
       2
       1
       1
       3
       0
       2
       2
       2
       0
       1
       2
       1
       2
       1
       1
       3
       1
       1
       1
       2
       1
       3
       7
       1
       0
       0
       1
       0
       3
       1
       1
       2
       4
       0
       1
       1
       2
       1
       2
       2
       1
       1
       3
       2
       2
       1
       5
       2
       1
       1
       2
       3
       1
       2
       4
       1
       2
       2
       2
       0
       1
       1
       2
       2
       2
       0
       4
       3
       2
       4
       2
       8
       4
       5
       2
       6
       1
       1
       0
       2
       0
       0
       2
       3
       5
       1
       2
       2
       1
       0
       2
       2
       1
       2
       1
       0
       2
       1
       2
       3
       6
       5
       4
      12
      11
      11
      15
      20
      25
      16
      22
      17
      10
       3
       4
       2
       5
       4
       5
       2
       5
       2
       3
       3
       4
       5
       4
       4
       3
       1
       2
       4
       5
       2
       2
       0
       2
       0
       3
       2
       1
       4
       1
       4
       5
       4
       8
       9
       8
       7
       6
       7
      13
      22
      21
      26
      22
      41
      62
      71
      93
     143
     171
     181
     205
     196
     189
     162
     110
      69
      44
      17
       9
      11
       4
       1
       4
       1
       0
       2
       1
       1
       1
       3
       5
       2
       2
       3
       1
       2
       1
       1
       1
       0
       1
       1
       1
       0
       1
       2
       1
       4
       1
       1
       2
       1
       3
       1
       3
       1
       1
       1
       1
       4
       6
       7
       6
       4
       2
       7
       4
       4
       6
       1
      10
       4
       4
       1
       1
       4
       5
       5
       6
       6
      12
      12
       3
       8
      17
      13
      27
      19
      37
      26
      34
      37
      38
      32
      34
      31
      20
      25
      20
      14
      11
      10
       9
      11
       9
      14
      23
      28
      27
      33
      47
      77
      89
     100
     109
     120
      82
      62
      47
      49
      27
      31
      16
      11
       6
       5
       5
       5
       0
       1
       0
       1
       3
       3
       0
       1
       1
       1
       2
       1
       2
       1
       1
       1
       1
       0
       1
       0
       0
       0
       0
       0
       1
       0
       0
       1
       0
       2
       0
       4
       1
       1
       1
       0
       1
       3
       1
       1
       0
       3
       0
       0
       1
       1
       2
       0
       0
       4
       0
       2
       3
       1
       2
       3
       0
       1
       2
       2
       2
       1
       6
       5
       4
       6
      10
      12
      14
      22
      15
      12
       5
       8
       5
       5
       1
       4
       6
       5
       5
       6
       4
       6
       5
       9
       5
       3
       1
       5
       4
       4
       2
       1
       0
       1
       0
       1
       2
       0
       1
       2
       1
       2
       2
       6
       3
       3
       4
       1
       1
       0
       1
       0
       0
       0
       0
       0
       0
       0
       0
       0
       0
       0
       0
       0
       0
       0
       0
       0
       1
       0
       0
       0
       0
       0
       0
       0
       0
       0
       0
       0
       0
       1
       0
       0
       0
       1
       0
       0
       0
       0
       0
       0
       0
       0
       0
       0
       0
       0
       0
       0
       0
       0
       0
       0
       0
       0
       0
       0
       0
       0
       0
       0
       0
       0
       0
       0
       1
       0
       0
       1
       1
       0
       3
       0
       0
       0
       0
       0
       0
       0
       0
       1
       0
       1
       0
       1
       1
       2
       0
       1
       0
       0
       1
       0
       0
       0
       0
       1
       0
       0
       3
       1
       3
       3
       6
       7
       9
       7
       5
       5
       4
       4
       2
       2
       2
       1
       0
       0
       0
       0
       0
       0
       0
       0
       0
       0
       0
       0
       0
       0
       0
       0
       0
       0
       0
       2
     116
       1
       0
       0
       0
       0
       0
       0
       0
       0
       0
       0
       0
       0
       0
       0
       0
       0
       0
       0
       0
       0
       0
       0
       0
       0
       0
       0
       0
       0
       0
       0
       0
       0
       0
       0
       0
       0
       0
       0
       0
       0
       0
       0
       0
       0
       0
       0
       0
       0
       0
       0
       0
       0
       0
       0
       0
       0
       0
       0
       0
       0
       0
       0
       0
       0
       0
       0
       0
       0
       0
       0
       0
       0
       0
       0
       0
       0
       0
       0
       0
       0
       0
       0
       0
       0
       0
       0
       0
       0
       0
       0
       0
       0
       0
       0
       0
       0
       0
       0
       0
       0
       0
       0
       0
       0
       0
       0
       0
       0
       0
       0
       0
       0
       0
       0
       0
       0
       0
       0
       0
       0
       0
       0
       0
       0
       0
       0
       0
       0
       0
       0
       0
       0
       0
       0
       0
       0
       0
       0
       0
       0
       0
       0
       0
       0
       0
       0
       0
       0
       0
       0
       0
       0
       0
       0
       0
       0
       0
       0
       0
       0
       0
       0
       0
       0
       0
       0
       0
       0
       0
       0
       0
       0
       0
       0
       0
       0
       0
       0
       0
       0
       0
       0
       0
       0
       0
       0
       0
       0
       0
       0
       0
       0
       0
       0
       0
       0
       0
       0
       0
       0
       0
       0
       0
       0
       0
       0
       0
       0
       0
       0
       0
       0
       0
       0
       0
       0
       0
       0
       0
       0
       0
       0
       0
       0
       0
       0
       0
       0
       0
       0
       0
       0
       0
       0
       0
       0
       0
       0
       0
       0
       0
       0
       0
       0
       0
       0
       0
       0
       0
       0
       0
       0
       0
       0
       0
       0
       0
       0
       0
       0
       0
       0
       0
       0
       0
       0
       0
       0
       0
$ROI:
0
$PRESETS:
None
0
0
$ENER_FIT:
0.000000 0.000000
$MCA_CAL:
3
0.000000E+000 0.000000E+000 0.000000E+000
$SHAPE_CAL:
3
0.000000E+000 0.000000E+000 0.000000E+000
