$SPEC_ID:
prueba
$SPEC_REM:
DET# 1
DETDESC# MULTICAN MCB 1
AP# Maestro Version 5.30
$DATE_MEA:
01/01/2000 02:35:59
$MEAS_TIM:
3587 3626
$DATA:
0 1023
       0
       0
       0
       0
       0
       5
      11
      37
      79
     115
     145
     126
      73
      42
      11
       5
       1
       0
       0
       0
       0
       0
       0
       0
       0
       0
       0
       0
       0
       0
       0
       0
       0
       0
       1
       1
       0
       0
       0
       1
       1
       0
       2
       1
       1
       2
       2
       1
       2
       2
       1
       2
       2
       3
       4
       5
       5
       8
       4
       8
       6
      10
       9
      14
       1
       8
       4
       9
       5
      11
       9
       9
       3
      10
       6
       7
       9
      10
      15
       7
       8
       4
      14
       9
      10
      12
      10
      10
      11
       7
      17
      11
       8
      10
      12
      12
       9
      11
       5
       6
       7
       5
       8
       5
      12
      10
       5
      11
       5
       8
       5
       9
       8
       5
       1
      13
      11
       2
       3
      11
       2
       9
       3
      11
      12
      14
      11
      10
       7
       4
      13
       9
       7
       9
       9
       3
       5
       8
       8
       7
       6
       8
       9
      12
       7
       5
       6
       7
      13
      17
      19
      20
      20
      35
      31
      36
      29
      20
      15
       9
       7
       7
       8
       7
      12
      13
      14
      11
      11
      10
      16
      10
      14
      13
       9
      23
      36
      53
      59
      92
      84
      90
      71
      51
      51
      23
      16
      11
       8
       6
       6
       7
       6
       8
      10
      11
      12
      21
      23
      31
      18
      17
       8
      16
      16
      15
      16
      25
      27
      33
      31
      34
      37
      25
      16
      10
       8
      16
       6
       6
       2
       7
       4
      11
       7
       5
       6
      12
      10
      11
       5
      17
      15
       9
      11
       8
      11
       8
       9
       4
       5
       9
       7
       8
      11
       3
       9
       8
       8
      12
       7
       2
       1
       3
       6
       6
       9
       4
       9
      11
       2
       8
       5
       4
       6
       5
       6
       7
       9
      11
       4
       6
      11
       4
       7
       6
       6
       6
       5
       4
       6
      10
       9
      10
       6
       6
       6
       5
       6
       7
       6
       7
       7
       8
       8
      18
      10
       6
       8
      13
       6
       5
       3
       3
       6
       2
       5
       4
       5
       8
       3
       3
       5
       5
       3
       4
       0
       2
       3
       0
       4
       6
       3
       3
       6
       4
       2
       1
       5
       5
       4
       1
       2
       0
       2
       3
       0
       5
       0
       4
       2
       3
       1
       3
       1
       0
       3
       5
       1
       6
       6
       7
       3
       6
       4
       5
       0
       2
       1
       1
       5
       2
       3
       3
       7
       5
       5
       4
       2
       4
       4
       5
       7
       9
       2
       3
       4
       1
       3
       0
       1
       3
       2
       1
       5
       3
       6
       3
       3
       4
       1
       1
       1
       2
       2
       1
       1
       3
       1
       3
       0
       2
       0
       1
       0
       0
       0
       0
       2
       0
       0
       1
       0
       0
       0
       2
       1
       1
       1
       4
       1
       2
       3
       2
       2
       0
       1
       1
       1
       2
       1
       1
       0
       0
       1
       4
       3
       5
       2
       2
       3
       1
       3
       2
       1
       2
       3
       5
       0
       0
       4
       2
       4
       5
       4
       3
       3
       3
       3
       3
       5
       5
       6
       5
       6
       6
       1
       2
       4
       3
       4
       2
       1
       0
       3
       2
       1
       2
       2
       2
       0
       0
       0
       0
       0
       1
       2
       2
       2
       5
       3
       2
       0
       3
       1
       3
       0
       1
       0
       0
       1
       0
       0
       1
       0
       0
       0
       0
       1
       0
       1
       1
       0
       2
       0
       1
       1
       0
       4
       0
       0
       1
       0
       1
       1
       1
       1
       0
       2
       1
       0
       2
       2
       0
       2
       2
       1
       0
       2
       2
       1
       1
       1
       0
       3
       1
       2
       1
       0
       0
       0
       2
       1
       2
       1
       0
       0
       1
       0
       1
       4
       0
       0
       1
       0
       1
       0
       2
       2
       1
       0
       3
       2
       3
       1
       3
       1
       0
       2
       2
       1
       2
       1
       0
       0
       1
       0
       0
       1
       4
       1
       4
       1
       2
       5
       2
       0
       1
       3
       4
       2
       5
       5
       6
       6
       5
      13
      16
      25
      18
      14
      22
      15
       9
      13
      13
       6
       1
       3
       1
       1
       0
       0
       0
       0
       0
       0
       0
       0
       0
       1
       0
       0
       0
       1
       0
       0
       1
       0
       0
       0
       0
       1
       0
       1
       0
       0
       1
       0
       0
       0
       1
       0
       0
       1
       1
       0
       0
       3
       0
       0
       0
       0
       0
       0
       1
       3
       1
       1
       1
       2
       0
       1
       2
       1
       2
       1
       1
       1
       2
       3
       0
       4
       7
       7
       2
       0
       6
       3
       4
       1
       0
       3
       5
       4
       2
       2
       2
       0
       0
       0
       2
       5
       2
       3
       0
       1
       0
       0
       1
       1
       0
       2
       1
       2
       2
       0
       2
       1
       1
       2
       4
       5
       4
       7
       9
       4
       5
       1
       4
       2
       1
       1
       1
       0
       0
       0
       0
       2
       0
       0
       0
       0
       0
       0
       0
       0
       1
       2
       0
       0
       6
       4
    1961
       2
       0
       0
       0
       0
       0
       0
       0
       0
       0
       0
       0
       0
       0
       0
       0
       0
       0
       0
       0
       0
       0
       0
       0
       0
       0
       0
       0
       0
       0
       0
       0
       0
       0
       0
       0
       0
       0
       0
       0
       0
       0
       0
       0
       0
       0
       0
       0
       0
       0
       0
       0
       0
       0
       0
       0
       0
       0
       0
       0
       0
       0
       0
       0
       0
       0
       0
       0
       0
       0
       0
       0
       0
       0
       0
       0
       0
       0
       0
       0
       0
       0
       0
       0
       0
       0
       0
       0
       0
       0
       0
       0
       0
       0
       0
       0
       0
       0
       0
       0
       0
       0
       0
       0
       0
       0
       0
       0
       0
       0
       0
       0
       0
       0
       0
       0
       0
       0
       0
       0
       0
       0
       0
       0
       0
       0
       0
       0
       0
       0
       0
       0
       0
       0
       0
       0
       0
       0
       0
       0
       0
       0
       0
       0
       0
       0
       0
       0
       0
       0
       0
       0
       0
       0
       0
       0
       0
       0
       0
       0
       0
       0
       0
       0
       0
       0
       0
       0
       0
       0
       0
       0
       0
       0
       0
       0
       0
       0
       0
       0
       0
       0
       0
       0
       0
       0
       0
       0
       0
       0
       0
       0
       0
       0
       0
       0
       0
       0
       0
       0
       0
       0
       0
       0
       0
       0
       0
       0
       0
       0
       0
       0
       0
       0
       0
       0
       0
       0
       0
       0
       0
       0
       0
       0
       0
       0
       0
       0
       0
       0
       0
       0
       0
       0
       0
       0
       0
       0
       0
       0
       0
       0
       0
       0
       0
       0
       0
       0
       0
       0
       0
       0
       0
       0
       0
       0
       0
       0
       0
       0
       0
       0
       0
       0
       0
       0
       0
       0
       0
       0
$ROI:
0
$PRESETS:
None
0
0
$ENER_FIT:
0.000000 0.000000
$MCA_CAL:
3
0.000000E+000 0.000000E+000 0.000000E+000
$SHAPE_CAL:
3
0.000000E+000 0.000000E+000 0.000000E+000
