$SPEC_ID:
Co60-18-9
$SPEC_REM:
DET# 1
DETDESC# MCB 1
AP# Maestro Version 5.30
$DATE_MEA:
01/02/2000 02:41:37
$MEAS_TIM:
1326 1800
$DATA:
0 1023
       0
       0
       0
       0
    2249
    9526
    8171
    5776
    4230
    3176
    2760
    2899
    3761
    5133
    8000
   13134
   21382
   33552
   49021
   65854
   81153
   91945
   97309
   96885
   88789
   76881
   62619
   48456
   36535
   26861
   19443
   14951
   11402
   10079
    9232
    8865
    8793
    9054
    9195
    9408
    9778
    9966
   10602
   11297
   12083
   13520
   14971
   16621
   18682
   21200
   23451
   26189
   28228
   30277
   31343
   32000
   31862
   31219
   29068
   27437
   24772
   22080
   19345
   17058
   14326
   12187
   10538
    8934
    7824
    6892
    6320
    5736
    5547
    5450
    5187
    5207
    5206
    5031
    5156
    5032
    4983
    5177
    5096
    4975
    4983
    4865
    4948
    4916
    5022
    4954
    5047
    5131
    5184
    5274
    5077
    5205
    5329
    5448
    5381
    5553
    5505
    5445
    5425
    5483
    5481
    5426
    5442
    5370
    5265
    5143
    4981
    4933
    4978
    4844
    4784
    4752
    4666
    4516
    4369
    4399
    4259
    4216
    4112
    4041
    4145
    4016
    3915
    3952
    3740
    3870
    3538
    3565
    3546
    3478
    3409
    3347
    3230
    3258
    3200
    3259
    3084
    3141
    2979
    2936
    2893
    2884
    2841
    2768
    2734
    2691
    2661
    2714
    2671
    2567
    2602
    2718
    2666
    2711
    2720
    2766
    2873
    2931
    2990
    3040
    3196
    3248
    3410
    3486
    3676
    3726
    3839
    3957
    4075
    4304
    4563
    4605
    4672
    4941
    5030
    5181
    5364
    5527
    5605
    5696
    5686
    5859
    5897
    5943
    6032
    5943
    6016
    6218
    6035
    6082
    5940
    5959
    5919
    6067
    5841
    6008
    6077
    6164
    6381
    6461
    6549
    6655
    6931
    7109
    7417
    7682
    8210
    8307
    8790
    9151
    9377
    9798
   10076
   10227
   10656
   11053
   11037
   11018
   11228
   11348
   11506
   11130
   11235
   11076
   10868
   10508
   10317
    9975
    9616
    9351
    9040
    8624
    8381
    7829
    7359
    6917
    6611
    6289
    5866
    5297
    4950
    4689
    4385
    3944
    3716
    3465
    3142
    2957
    2718
    2459
    2341
    2192
    1934
    1752
    1629
    1580
    1408
    1351
    1219
    1101
    1089
     964
     865
     827
     820
     774
     728
     711
     654
     615
     585
     567
     536
     542
     531
     525
     497
     458
     445
     464
     426
     402
     416
     374
     387
     353
     351
     339
     313
     291
     329
     289
     247
     263
     244
     234
     223
     201
     224
     219
     172
     190
     165
     160
     162
     178
     163
     160
     141
     130
     146
     126
     134
     130
     131
     136
     121
     125
     116
     110
     119
     113
     115
     126
     132
     116
     138
     125
     117
     123
     112
     101
     104
     113
     112
     118
     125
     104
     122
     112
     109
      90
     111
     114
     107
     125
     135
      79
      95
     108
     114
     111
     113
     128
     108
     102
      97
     100
     108
     104
     104
      86
     103
     101
     107
      92
     107
     101
      98
     116
      98
      96
      87
     101
      91
     106
     118
     105
      91
      79
      86
     104
      95
      98
      80
      81
      70
      88
      82
      98
      76
      93
      85
      82
      74
      83
      88
      70
      95
      88
      64
      72
      81
      80
      60
      87
      69
      82
      77
      61
      74
      74
      77
      65
      59
      71
      66
      57
      71
      77
      69
      57
      64
      60
      54
      64
      66
      63
      64
      50
      79
      50
      73
      55
      50
      62
      64
      44
      49
      59
      51
      56
      49
      72
      60
      65
      52
      52
      58
      42
      58
      53
      47
      58
      66
      44
      59
      58
      67
      52
      52
      55
      48
      58
      51
      53
      48
      49
      45
      37
      55
      49
      35
      52
      54
      45
      44
      43
      46
      49
      47
      30
      52
      47
      50
      42
      45
      36
      37
      33
      52
      48
      41
      44
      45
      52
      44
      35
      30
      34
      54
      54
      36
      52
      40
      26
      49
      37
      51
      38
      40
      51
      34
      40
      39
      36
      52
      51
      45
      35
      45
      43
      45
      35
      50
      30
      39
      47
      37
      40
      38
      33
      39
      51
      51
      43
      43
      46
      54
      34
      43
      42
      41
      34
      59
      42
      33
      29
      32
      42
      52
      40
      48
      31
      48
      51
      55
      34
      41
      37
      45
      41
      37
      49
      39
      41
      43
      34
      44
      40
      33
      31
      41
      36
      33
      46
      39
      49
      49
      46
      29
      37
      33
      36
      44
      36
      37
      37
      32
      33
      25
      22
      34
      42
      38
      29
      31
      34
      32
      35
      35
      30
      32
      36
      24
      29
      25
      29
      28
      30
      23
      21
      28
      34
      31
      32
      26
      30
      25
      34
      34
      41
      27
      18
      22
      31
      28
      33
      28
      27
      36
      37
      28
      21
      33
      22
      23
      26
      30
      16
      32
      39
      31
      30
      40
      33
      28
      34
      33
      31
      24
      30
      25
      30
      37
      24
      29
      31
      26
      21
      22
      38
      36
      17
      28
      27
      30
      20
      33
      27
      30
      27
      27
      30
      30
      38
      24
      36
      23
      33
      25
      34
      26
      29
      33
      29
      38
      33
      16
      23
      26
      31
      29
      27
      23
      24
      25
      29
      22
      26
      20
      29
      13
      32
      33
      22
      28
      27
      22
      20
      23
      31
      21
      37
      14
      17
      32
      26
      17
      31
      27
      22
      25
      30
      18
      23
      23
      20
      22
      24
      22
      21
      21
      14
      21
      24
      20
      23
      18
      21
      12
      20
      19
      12
      24
      16
      20
      20
      19
      20
      10
      10
      20
      20
      14
      23
      23
      26
      10
      18
      20
      17
      17
      22
      21
      18
      23
      13
      15
      17
      19
      18
      12
      17
      16
      18
      14
      12
      16
      20
      14
      15
      13
      12
      18
       9
      13
      10
      14
      24
      16
       8
      23
      18
      17
      14
      11
      10
      23
      15
       9
      17
      12
      12
      18
      22
      20
      23
      15
      18
      12
      25
      14
      15
       9
      12
      16
      15
      17
      22
      19
      13
      10
      14
      22
      25
      25
      19
      17
      22
      25
      17
      23
      15
      32
      18
      17
      29
      15
      22
      27
      24
      32
      27
      27
      25
      20
      28
      27
      27
      26
      24
      36
      38
      30
      27
      22
      37
      28
      27
      34
      19
      24
      40
      30
      25
      39
      20
      34
      21
      35
      30
      29
      28
      24
      32
      32
      25
      24
      25
      33
      26
      20
      35
      20
      36
      23
      26
      28
      29
      24
      28
      17
      20
      23
      20
      24
      17
      24
      21
      27
      19
      27
      19
      17
      22
      17
      12
       7
      19
      13
      15
      13
      23
      11
      17
      13
      17
      15
      12
      13
      14
      16
      13
      15
      14
      16
       9
       7
       9
      14
      11
      11
      14
      14
      12
      13
      11
       6
      11
      12
       6
       5
       9
      10
      11
       9
       8
      10
       5
       9
       8
       8
      12
       4
       9
       8
      12
       9
      10
      12
      12
       8
       6
       9
       8
       8
       5
      10
       9
       6
       6
       6
       6
       7
      13
       4
       8
       7
       9
       5
       4
       1
      10
      10
      11
       7
       1
       5
       6
       4
       4
       4
       6
       5
       7
     116
     119
     131
     122
     125
     128
     104
     125
     126
     126
     133
     120
     122
     137
     145
     134
     113
     119
     107
     121
     129
      99
     122
     107
$ROI:
0
$PRESETS:
Real Time
1800
0
$ENER_FIT:
0.000000 0.000000
$MCA_CAL:
3
0.000000E+000 0.000000E+000 0.000000E+000
$SHAPE_CAL:
3
0.000000E+000 0.000000E+000 0.000000E+000
