$SPEC_ID:
prueba
$SPEC_REM:
DET# 1
DETDESC# MULTICAN MCB 1
AP# Maestro Version 5.30
$DATE_MEA:
01/03/2000 00:15:05
$MEAS_TIM:
5552 5575
$DATA:
0 1023
       0
       0
       0
       0
       0
       7
      39
      90
     135
     163
     216
     162
     112
      47
      15
       5
       0
       0
       0
       0
       0
       0
       0
       0
       0
       0
       0
       0
       0
       0
       0
       0
       0
       0
       0
       1
       0
       0
       0
       1
       1
       1
       0
       3
       2
       0
       1
       1
       2
       2
       6
       1
       9
       3
       3
       5
       4
       5
       3
       4
       7
       6
       5
       7
       7
       6
       5
       9
       7
       2
       2
       4
       7
      10
       5
       6
       8
      10
       9
      12
       4
      12
      12
       1
      12
       5
       9
       3
      10
       7
       9
       6
       4
       8
       9
       4
       5
      17
       8
       6
       8
      14
      12
       9
       5
       6
      10
       7
       9
       4
       3
       5
      10
       6
      10
       7
       7
       8
       1
       5
       8
      10
       6
       6
      12
       4
       5
       7
       9
       6
       9
       2
       9
       8
       8
       7
       6
       7
       6
       6
       4
       3
       6
      10
       6
       9
       6
       6
       5
       5
       6
       9
       9
       5
      10
       5
       5
       4
       6
      10
       8
       6
       7
       5
       5
       8
       5
       8
       5
       9
       5
       7
       6
       6
       5
       8
       9
      10
       5
      10
      13
       7
      12
       7
      13
      10
       8
       6
       9
      15
      25
      40
      55
      59
      66
      86
      75
      65
      34
      31
      14
      16
       5
      10
      17
      26
      39
      49
      62
      74
      85
      86
      52
      52
      28
      21
      21
      17
      17
      11
       2
       6
       6
       4
       8
       2
      11
      11
      10
      14
      19
      16
      12
      15
      12
      12
       7
       5
       4
       7
       7
       6
       7
       3
       6
      11
       5
       6
       5
       4
       5
       8
       3
       6
       4
       1
       3
       3
       8
       4
       5
       1
       6
       5
       5
       5
       7
       7
       7
       2
       6
      10
       4
       5
       9
       6
       5
       4
       4
       6
       3
       2
      11
       1
       3
       5
       5
       4
       6
       8
       8
       7
       4
       9
      10
       7
      10
       2
       5
       2
       2
       3
       5
       3
       3
       4
       6
       4
       5
       4
       3
       4
       4
       1
       3
       7
       6
       3
       2
       2
       5
       4
       4
       2
       1
       4
       2
       3
       3
       2
       7
       2
       4
       2
       3
       2
       0
       2
       2
       3
       3
       4
       1
       0
       5
       2
       1
       4
       5
       2
      10
       0
       7
       6
       6
       4
       4
       1
       1
       1
       4
       4
      10
       3
       4
       7
       4
       5
      10
       9
      12
      12
      12
       9
       7
      11
      13
       3
       6
       5
       4
       1
       5
       4
      12
       4
       9
       8
       9
       4
       5
       3
       4
       5
       0
       0
       2
       0
       1
       4
       0
       1
       1
       0
       1
       0
       1
       0
       3
       0
       0
       1
       3
       1
       0
       3
       0
       0
       0
       2
       3
       3
       2
       2
       2
       1
       2
       2
       2
       3
       0
       4
       1
       4
       4
       4
       0
       2
       5
       1
       6
       2
       3
       5
       4
       4
       3
       9
       6
       6
       4
       9
       2
       4
       9
       6
       5
       3
       6
       2
       8
       7
       8
       5
      13
       4
      10
       5
       5
      14
      14
       9
       8
      15
       5
       2
       2
       3
       7
       0
       3
       4
       2
       2
       2
       1
       2
       5
       3
       8
       5
       7
       4
       2
       2
       0
       4
       4
       1
       1
       1
       2
       2
       0
       5
       2
       1
       1
       0
       2
       2
       0
       1
       1
       1
       2
       1
       2
       0
       2
       1
       1
       2
       0
       0
       1
       2
       3
       3
       2
       2
       1
       1
       2
       0
       2
       2
       3
       1
       4
       3
       3
       2
       2
       1
       2
       2
       2
       1
       2
       0
       1
       2
       1
       2
       2
       1
       2
       4
       1
       1
       0
       1
       1
       0
       2
       1
       0
       4
       2
       0
       2
       1
       3
       2
       2
       2
       2
       4
       1
       3
       2
       2
       2
       2
       0
       2
       0
       2
       5
       1
       3
       2
       3
       0
       4
       4
       2
       3
       9
       3
      12
      11
       5
      14
      13
      12
      27
      17
      21
      22
      29
      29
      26
      17
      11
      11
       3
       6
       2
       1
       4
       1
       0
       0
       0
       2
       1
       0
       0
       1
       2
       0
       0
       0
       0
       1
       2
       0
       0
       0
       0
       1
       1
       0
       0
       0
       0
       0
       0
       0
       1
       1
       0
       0
       1
       1
       1
       0
       0
       0
       1
       1
       0
       1
       0
       2
       2
       2
       1
       1
       1
       2
       0
       2
       3
       1
       3
       2
       1
       2
       1
       1
       4
       2
       3
       5
       6
       6
       4
       7
       2
       4
       1
       2
       2
       5
       1
       0
       2
       4
       3
       1
       3
       0
       2
       2
       1
       0
       1
       1
       0
       0
       1
       0
       1
       1
       2
       4
       2
       6
       2
       3
       5
       3
       4
       6
       0
       3
       1
       2
       0
       0
       0
       2
       0
       0
       0
       1
       0
       0
       0
       0
       1
       1
       3
       0
       0
       1
       1
       0
       1
       7
    1666
      30
       0
       0
       0
       0
       0
       0
       0
       0
       0
       0
       0
       0
       0
       0
       0
       0
       0
       0
       0
       0
       0
       0
       0
       0
       0
       0
       0
       0
       0
       0
       0
       0
       0
       0
       0
       0
       0
       0
       0
       0
       0
       0
       0
       0
       0
       0
       0
       0
       0
       0
       0
       0
       0
       0
       0
       0
       0
       0
       0
       0
       0
       0
       0
       0
       0
       0
       0
       0
       0
       0
       0
       0
       0
       0
       0
       0
       0
       0
       0
       0
       0
       0
       0
       0
       0
       0
       0
       0
       0
       0
       0
       0
       0
       0
       0
       0
       0
       0
       0
       0
       0
       0
       0
       0
       0
       0
       0
       0
       0
       0
       0
       0
       0
       0
       0
       0
       0
       0
       0
       0
       0
       0
       0
       0
       0
       0
       0
       0
       0
       0
       0
       0
       0
       0
       0
       0
       0
       0
       0
       0
       0
       0
       0
       0
       0
       0
       0
       0
       0
       0
       0
       0
       0
       0
       0
       0
       0
       0
       0
       0
       0
       0
       0
       0
       0
       0
       0
       0
       0
       0
       0
       0
       0
       0
       0
       0
       0
       0
       0
       0
       0
       0
       0
       0
       0
       0
       0
       0
       0
       0
       0
       0
       0
       0
       0
       0
       0
       0
       0
       0
       0
       0
       0
       0
       0
       0
       0
       0
       0
       0
       0
       0
       0
       0
       0
       0
       0
       0
       0
       0
       0
       0
       0
       0
       0
       0
       0
       0
       0
       0
       0
       0
       0
       0
       0
       0
       0
       0
       0
       0
       0
       0
       0
       0
       0
       0
       0
       0
       0
       0
       0
       0
       0
       0
       0
       0
       0
       0
       0
       0
       0
       0
       0
       0
       0
       0
       0
       0
       0
$ROI:
0
$PRESETS:
None
0
0
$ENER_FIT:
0.000000 0.000000
$MCA_CAL:
3
0.000000E+000 0.000000E+000 0.000000E+000
$SHAPE_CAL:
3
0.000000E+000 0.000000E+000 0.000000E+000
