$SPEC_ID:
Co60-18-9
$SPEC_REM:
DET# 1
DETDESC# MCB 1
AP# Maestro Version 5.30
$DATE_MEA:
01/01/2000 23:36:57
$MEAS_TIM:
1442 1800
$DATA:
0 1023
       0
       0
       0
       0
     546
    1839
    1184
    1088
     939
     787
     808
     768
     838
     847
     838
     903
     902
    1027
     939
     975
     933
    1036
    1082
    1020
     956
     984
    1129
    1089
    1165
    1177
    1174
    1212
    1212
    1250
    1389
    1372
    1455
    1543
    1516
    1606
    1733
    1808
    1837
    1912
    1971
    2085
    2034
    2169
    2226
    2274
    2301
    2418
    2437
    2434
    2466
    2559
    2470
    2563
    2568
    2521
    2664
    2549
    2471
    2573
    2575
    2573
    2538
    2530
    2528
    2564
    2517
    2449
    2544
    2512
    2574
    2487
    2510
    2437
    2498
    2524
    2360
    2448
    2300
    2358
    2332
    2296
    2318
    2296
    2266
    2188
    2254
    2246
    2180
    2143
    2181
    2183
    2156
    2046
    2093
    2091
    2097
    2027
    2034
    1980
    1942
    1996
    1913
    1955
    1882
    1885
    1906
    1942
    1835
    1832
    1830
    1838
    1759
    1788
    1813
    1727
    1768
    1789
    1698
    1770
    1735
    1771
    1705
    1758
    1710
    1749
    1776
    1748
    1794
    1840
    1794
    1820
    1768
    1781
    1866
    1835
    1804
    1718
    1781
    1786
    1759
    1774
    1739
    1742
    1722
    1728
    1643
    1631
    1633
    1598
    1593
    1567
    1497
    1513
    1485
    1479
    1512
    1464
    1456
    1365
    1346
    1375
    1319
    1324
    1358
    1306
    1213
    1232
    1246
    1235
    1310
    1238
    1253
    1224
    1156
    1140
    1153
    1162
    1137
    1126
    1120
    1128
    1148
    1086
    1115
    1080
    1072
    1057
    1026
    1065
    1098
    1057
    1017
    1009
     994
    1038
    1032
    1015
    1019
    1000
     985
     938
     956
    1000
     904
     958
     910
     886
     880
     880
     921
     885
     918
     874
     879
     915
     847
     875
     883
     919
     912
     842
     858
     864
     818
     891
     831
     827
     748
     765
     743
     798
     809
     770
     799
     806
     772
     774
     763
     788
     782
     783
     732
     696
     732
     715
     734
     706
     736
     700
     774
     658
     700
     686
     710
     723
     702
     684
     696
     720
     709
     696
     702
     681
     667
     682
     674
     692
     693
     698
     704
     672
     632
     658
     672
     632
     591
     656
     639
     705
     621
     675
     656
     620
     654
     677
     617
     626
     660
     638
     632
     629
     645
     654
     652
     620
     664
     662
     654
     579
     656
     637
     595
     647
     619
     566
     620
     639
     632
     625
     603
     649
     592
     624
     594
     581
     613
     594
     582
     612
     587
     619
     578
     635
     579
     566
     581
     588
     563
     584
     610
     560
     567
     596
     585
     661
     536
     573
     604
     635
     561
     575
     644
     572
     583
     615
     564
     549
     596
     585
     564
     556
     591
     607
     576
     585
     579
     579
     543
     573
     578
     590
     621
     606
     574
     580
     530
     586
     579
     564
     554
     568
     573
     590
     576
     560
     595
     543
     568
     544
     571
     542
     584
     585
     546
     546
     551
     556
     578
     560
     561
     561
     562
     542
     568
     549
     540
     587
     586
     565
     552
     550
     545
     607
     575
     550
     550
     590
     568
     530
     567
     599
     562
     520
     564
     540
     595
     568
     592
     566
     522
     587
     529
     557
     543
     525
     529
     539
     523
     520
     569
     552
     571
     542
     605
     540
     535
     607
     538
     541
     554
     527
     537
     538
     585
     551
     519
     555
     544
     554
     599
     575
     613
     546
     587
     549
     552
     564
     553
     574
     580
     547
     552
     589
     568
     598
     591
     558
     573
     573
     577
     589
     542
     605
     605
     541
     565
     627
     569
     582
     578
     539
     572
     606
     590
     582
     595
     577
     594
     577
     575
     569
     590
     563
     607
     586
     553
     594
     589
     593
     606
     628
     562
     654
     624
     560
     674
     590
     602
     633
     595
     593
     633
     589
     648
     636
     610
     648
     612
     670
     600
     613
     640
     610
     639
     629
     641
     651
     636
     617
     636
     611
     653
     651
     648
     621
     655
     671
     637
     605
     673
     595
     603
     616
     593
     645
     621
     624
     589
     622
     603
     624
     626
     616
     639
     641
     569
     563
     580
     543
     590
     621
     582
     575
     600
     595
     531
     550
     581
     558
     547
     490
     564
     539
     500
     530
     522
     536
     479
     519
     532
     470
     438
     508
     504
     472
     485
     489
     498
     434
     475
     505
     442
     473
     477
     445
     423
     434
     493
     482
     434
     457
     394
     414
     419
     450
     429
     417
     431
     408
     416
     432
     431
     426
     394
     410
     403
     414
     412
     448
     438
     389
     401
     397
     398
     385
     414
     391
     488
     417
     428
     421
     447
     389
     421
     442
     384
     413
     399
     444
     414
     424
     424
     452
     387
     421
     450
     428
     468
     447
     424
     436
     460
     466
     478
     463
     499
     482
     518
     477
     504
     582
     506
     516
     548
     545
     588
     636
     635
     608
     652
     692
     670
     715
     709
     718
     753
     815
     812
     794
     785
     859
     915
     883
     909
     921
     920
     898
     941
     949
     994
     974
     969
     988
     998
     934
    1006
    1038
     963
    1025
     980
     964
    1025
    1002
     982
     987
     964
     938
     917
     930
     888
     889
     856
     886
     913
     855
     851
     848
     842
     793
     743
     755
     724
     703
     669
     712
     628
     592
     597
     568
     615
     528
     540
     517
     527
     538
     514
     497
     463
     448
     452
     455
     456
     409
     398
     433
     404
     416
     390
     415
     364
     401
     373
     400
     428
     386
     419
     419
     419
     395
     486
     461
     435
     498
     494
     488
     526
     527
     604
     578
     528
     545
     571
     635
     615
     665
     653
     649
     678
     670
     686
     684
     691
     736
     723
     739
     715
     726
     734
     751
     691
     757
     727
     781
     773
     783
     710
     757
     769
     762
     670
     699
     734
     725
     705
     714
     703
     643
     630
     601
     628
     615
     564
     592
     536
     594
     538
     502
     508
     491
     492
     433
     412
     413
     371
     396
     378
     335
     369
     340
     362
     326
     281
     276
     272
     274
     223
     268
     271
     243
     226
     198
     183
     218
     169
     140
     165
     174
     158
     153
     128
     127
     117
     113
     127
     104
     118
     135
     109
     107
      79
      78
      74
     105
      97
      78
      88
      96
      77
      72
      69
      61
      69
      69
      75
      61
      49
      60
      58
      55
      47
      56
      53
      50
      48
      50
      60
      59
      56
      49
      38
      38
      40
      40
      43
      43
      39
      44
      40
      35
      43
      39
      40
      39
      33
      28
      39
      27
      31
      27
      30
      23
      27
      37
      22
      27
      23
      39
      29
      32
      24
      37
      19
      29
      28
      27
      25
      26
      18
      18
      21
      18
      25
      23
      25
      12
      25
      16
      17
      21
      15
      26
      22
      25
      19
      18
      10
      15
      18
      18
      25
      14
      23
      20
      18
      20
      17
      16
      20
      17
      13
      22
      15
      18
      24
      20
      14
      16
      16
      12
      11
      15
      16
       9
      12
      19
      17
      13
      12
      14
      11
      13
      17
      17
      17
      14
      15
      16
      18
      21
       7
      10
      17
      13
      10
      11
     204
     277
     243
     227
     222
     237
     243
     220
     258
     271
     209
     240
     233
     253
     214
     240
     224
     214
     242
     219
     206
     233
     212
     164
$ROI:
0
$PRESETS:
Real Time
1800
0
$ENER_FIT:
0.000000 0.000000
$MCA_CAL:
3
0.000000E+000 0.000000E+000 0.000000E+000
$SHAPE_CAL:
3
0.000000E+000 0.000000E+000 0.000000E+000
