$SPEC_ID:
prueba
$SPEC_REM:
DET# 1
DETDESC# MULTICAN MCB 1
AP# Maestro Version 5.30
$DATE_MEA:
01/03/2000 01:50:21
$MEAS_TIM:
13115 13171
$DATA:
0 1023
       0
       0
       0
       0
       1
      16
      78
     195
     342
     409
     484
     425
     251
     111
      41
       9
       3
       1
       0
       0
       0
       0
       0
       0
       1
       0
       0
       0
       0
       0
       0
       0
       0
       1
       1
       1
       1
       2
       0
       0
       3
       2
       2
       0
       4
       2
       2
       4
      11
       9
      14
       7
       8
      11
       7
      13
      16
      16
      17
      13
      20
      19
      19
      25
      17
      16
      20
      15
      14
      17
      21
      19
      18
      24
      18
      26
      24
      14
      28
      26
      27
      23
      15
      21
      27
      24
      34
      27
      25
      28
      23
      24
      22
      31
      22
      28
      24
      24
      25
      25
      17
      26
      30
      29
      26
      19
      21
      23
      20
      26
      20
      29
      16
      23
      15
      14
      24
      30
      29
      16
      28
      30
      31
      23
      15
      23
      15
      24
      13
      18
      15
      23
      30
      24
      24
      22
      30
      17
      26
      17
      16
      16
      13
      19
      22
      23
      19
      20
      23
      41
      38
      55
      85
      71
      62
      88
      48
      40
      22
      27
      16
      21
      28
      10
      22
      19
      32
      23
      29
      20
      25
      18
      24
      17
      29
      21
      20
      19
      14
      23
      33
      26
      29
      15
      16
      26
      18
      19
      15
      20
      22
      23
      22
      17
      24
      20
      22
      17
      16
      27
      23
      28
      35
      29
      53
      71
      95
     153
     209
     255
     251
     223
     179
     113
      77
      51
      27
      31
      14
      23
      19
      25
      20
      20
      16
      29
      27
      30
      41
      42
      37
      55
      47
      51
      28
      32
      22
      25
      14
      17
      18
      11
      21
      17
      16
      22
      19
       7
      18
      18
      13
      21
      15
      18
      11
      19
      16
      13
      21
      28
      18
      17
      20
      12
      11
      13
      20
      15
       7
      22
      15
      10
      13
      14
      19
      16
      17
      16
      11
      20
      11
      15
      15
      15
      11
      17
       9
      17
      19
      11
      17
      25
      21
      28
      22
      16
      18
      18
      13
      14
      15
      13
       7
      12
      13
      12
      13
      10
      14
       9
      19
      13
      11
      16
      10
       9
       7
      13
      10
      17
      11
      11
      10
      15
       9
       5
       6
       9
      13
       7
      12
       5
       7
      10
      13
       5
      10
       4
       6
       6
       7
       4
       4
       7
       4
      10
       7
      10
      10
      14
      11
      11
      14
       7
      13
       9
      10
      10
      13
      11
      11
      10
      13
      12
      16
      21
      17
      19
      22
      31
      29
      34
      41
      26
      34
      32
      21
      18
      12
      17
      19
      17
      20
      22
      12
      13
      17
      20
      22
      10
       7
      13
      10
       4
       4
       6
       1
       3
       2
       1
       2
       0
       3
       3
       3
       5
       4
       2
       1
       2
       4
       2
       2
       2
       2
       4
       3
       6
       4
       6
       2
       6
       3
       4
       5
       3
       5
       5
       5
       6
       3
       8
      11
       7
       5
       5
       9
       5
       9
       8
       6
       8
      13
      11
      15
      14
      11
       9
       8
       6
      10
      17
      13
      14
      17
      11
      16
      16
      16
      24
      27
      23
      21
      30
      22
      27
      25
      20
      32
      23
      24
      20
      17
      14
      13
      15
       7
       7
       8
       9
       8
       6
       6
       4
       5
       6
       9
       4
      14
      11
       8
      12
       5
      10
       6
       3
       5
       6
       4
       3
       2
       3
       1
       0
       0
       4
       7
       2
       2
       3
       0
       0
       2
       2
       2
       5
       5
       1
       2
       2
       1
       5
       7
       1
       5
       5
       1
       5
       5
       4
       4
       2
       1
       4
       6
       5
       6
      10
       6
       7
       3
       6
       6
       5
       9
       6
       6
       3
       5
       2
       2
       5
       4
       8
       6
       4
       5
       3
       2
       4
       2
       3
       6
       4
       4
       5
       1
       1
       2
       3
       7
       6
       3
       2
       5
       5
       4
       3
       4
       3
       4
       3
       1
       5
       4
       7
       3
       3
       6
       6
      12
       9
       9
       7
      13
       9
      13
       5
       7
      16
      19
      20
      25
      30
      58
      44
      56
      77
      70
      94
      84
      87
      66
      55
      50
      42
      31
      21
       7
       7
       1
       5
       1
       4
       3
       1
       0
       2
       2
       1
       1
       1
       2
       3
       4
       1
       0
       1
       2
       3
       0
       1
       1
       0
       0
       0
       1
       0
       1
       2
       1
       2
       2
       6
       1
       2
       3
       4
       3
       5
       2
       2
       2
       0
       4
       1
       7
       4
       2
       3
       5
       1
       3
       4
       5
       2
       5
       6
       5
       6
       3
      13
       9
       8
      14
      19
      14
      16
      13
      10
       9
       6
       4
       1
       3
       5
       4
       2
       6
       3
       5
       5
       3
       8
       1
       2
       0
       3
       2
       0
       0
       0
       1
       2
       1
       4
       3
       1
       3
       7
       3
       3
       4
      10
       5
       7
       7
       4
       8
       4
       2
       1
       2
       2
       0
       1
       0
       4
       0
       1
       1
       0
       1
       1
       1
       0
       0
       0
       2
       1
       2
       1
      17
    4878
     163
       0
       0
       0
       0
       0
       0
       0
       0
       0
       0
       0
       0
       0
       0
       0
       0
       0
       0
       0
       0
       0
       0
       0
       0
       0
       0
       0
       0
       0
       0
       0
       0
       0
       0
       0
       0
       0
       0
       0
       0
       0
       0
       0
       0
       0
       0
       0
       0
       0
       0
       0
       0
       0
       0
       0
       0
       0
       0
       0
       0
       0
       0
       0
       0
       0
       0
       0
       0
       0
       0
       0
       0
       0
       0
       0
       0
       0
       0
       0
       0
       0
       0
       0
       0
       0
       0
       0
       0
       0
       0
       0
       0
       0
       0
       0
       0
       0
       0
       0
       0
       0
       0
       0
       0
       0
       0
       0
       0
       0
       0
       0
       0
       0
       0
       0
       0
       0
       0
       0
       0
       0
       0
       0
       0
       0
       0
       0
       0
       0
       0
       0
       0
       0
       0
       0
       0
       0
       0
       0
       0
       0
       0
       0
       0
       0
       0
       0
       0
       0
       0
       0
       0
       0
       0
       0
       0
       0
       0
       0
       0
       0
       0
       0
       0
       0
       0
       0
       0
       0
       0
       0
       0
       0
       0
       0
       0
       0
       0
       0
       0
       0
       0
       0
       0
       0
       0
       0
       0
       0
       0
       0
       0
       0
       0
       0
       0
       0
       0
       0
       0
       0
       0
       0
       0
       0
       0
       0
       0
       0
       0
       0
       0
       0
       0
       0
       0
       0
       0
       0
       0
       0
       0
       0
       0
       0
       0
       0
       0
       0
       0
       0
       0
       0
       0
       0
       0
       0
       0
       0
       0
       0
       0
       0
       0
       0
       0
       0
       0
       0
       0
       0
       0
       0
       0
       0
       0
       0
       0
       0
       0
       0
       0
       0
       0
       0
       0
       0
       0
       0
$ROI:
0
$PRESETS:
None
0
0
$ENER_FIT:
0.000000 0.000000
$MCA_CAL:
3
0.000000E+000 0.000000E+000 0.000000E+000
$SHAPE_CAL:
3
0.000000E+000 0.000000E+000 0.000000E+000
