$SPEC_ID:
prueba
$SPEC_REM:
DET# 1
DETDESC# MULTICAN MCB 1
AP# Maestro Version 5.30
$DATE_MEA:
01/01/2000 00:51:36
$MEAS_TIM:
7056 7319
$DATA:
0 1023
       0
       0
       0
       1
    1858
   53074
   32629
    5191
     977
     536
     467
     353
     228
     116
      50
      26
       6
       2
       1
       1
       0
       0
       1
       1
       0
       0
       0
       2
       0
       0
       0
       0
       0
       0
       0
       1
       0
       0
       0
       0
       1
       1
       0
       0
       1
       2
       3
       1
       2
       4
       5
       3
       4
       3
       3
       4
       3
       8
       6
       5
       8
       9
       6
      11
       6
       6
       7
       5
       7
       7
       3
       1
       6
       8
       7
       8
       7
      10
       6
      11
      11
      10
       8
       6
      12
       8
      10
      11
       6
       9
       6
       6
       7
       7
       7
       7
       5
       6
      10
       8
       6
       1
      10
      10
       6
       4
       9
       6
       7
       5
       9
      11
      12
       6
       7
      11
      11
       5
       5
       6
       5
       4
       9
       8
       8
       9
      10
       7
       8
       4
       6
       5
      13
       5
       8
       4
       8
       7
      10
       7
       8
       6
       6
       2
      11
       4
       6
       6
       9
       5
      14
       1
       2
       9
       6
       5
       6
       8
       5
       6
       5
       7
       6
       5
       9
      12
       4
       7
       9
       4
       5
       8
       4
      13
      13
       4
       7
      17
       3
       7
       5
       6
       6
       8
       6
       4
      12
       9
       4
       4
       9
       4
       4
       7
       2
      11
       5
       5
       7
       8
      12
      13
      16
      23
      36
      31
      39
      39
      39
      35
      36
      34
      24
      20
      14
      15
      19
      25
      48
      74
      89
     108
     137
     139
     153
     111
      96
      56
      54
      28
      15
      12
      11
       9
       8
       9
       5
      12
       5
       4
       5
       6
      17
      12
      16
      20
      23
      32
      17
      13
      11
       8
       8
       6
       8
      10
       6
       6
       5
       7
       9
      13
       9
       1
       6
       3
       4
      12
       8
       9
       5
       3
       4
       7
       3
       7
       3
       3
       3
       5
       0
       5
       8
       6
       9
       5
       5
       4
       5
       5
       6
       5
       5
       4
       8
       3
       8
       3
       4
       8
       2
       1
       5
       2
       3
       5
       6
       6
       2
       5
       5
       6
       4
       3
       3
       6
       3
       2
       0
       2
       1
       5
       6
       5
       2
       5
       4
       4
       3
       1
       2
       4
       1
       4
       1
       2
       1
       0
       1
       2
       2
       5
       3
       4
       1
       2
       3
       6
       5
       4
       1
       3
       4
       2
       1
       4
       6
       2
       7
       7
       5
       7
      11
       8
       2
      11
       8
      15
       5
       9
      17
      11
      10
       8
       8
       8
       7
       6
       7
       7
       3
       2
       6
       8
       7
       9
       7
       6
       6
       3
       1
       0
       0
       2
       2
       1
       1
       2
       2
       2
       0
       2
       2
       0
       1
       2
       3
       2
       3
       2
       1
       0
       2
       3
       1
       0
       0
       1
       3
       1
       1
       3
       2
       2
       2
       1
       2
       1
       2
       3
       4
       6
       1
       2
       0
       1
       4
       4
       8
       1
       6
       2
       4
       7
       3
       2
       4
       4
       4
       9
       6
       2
       6
       8
       5
       6
       6
       6
      10
       8
       9
      16
      12
      13
       9
      14
       9
       8
      10
      10
       7
       6
       6
       3
       4
       5
       5
       2
       3
       3
       6
       2
       6
       2
       3
       4
       6
       8
       1
       5
       2
       4
       1
       1
       4
       1
       1
       0
       0
       0
       1
       0
       1
       1
       1
       0
       0
       0
       0
       2
       0
       0
       1
       0
       1
       3
       1
       1
       2
       1
       1
       0
       2
       0
       1
       0
       2
       1
       1
       3
       0
       2
       3
       2
       2
       0
       0
       1
       2
       2
       0
       2
       3
       1
       1
       2
       3
       1
       6
       2
       4
       2
       0
       4
       1
       2
       3
       1
       1
       3
       1
       0
       3
       3
       4
       1
       3
       3
       3
       1
       0
       2
       2
       3
       1
       1
       0
       2
       1
       1
       2
       2
       6
       3
       3
       2
       2
       0
       4
       3
       6
       4
       2
       5
       9
       8
      11
      11
      18
       7
      12
      13
      12
      16
      16
       9
      13
      16
      13
      15
      13
       8
       5
       3
       4
       0
       0
       0
       0
       1
       0
       2
       0
       1
       0
       0
       1
       0
       1
       0
       1
       1
       1
       1
       0
       1
       1
       0
       1
       0
       1
       0
       0
       0
       1
       0
       1
       1
       0
       0
       1
       1
       0
       1
       2
       2
       0
       1
       1
       1
       3
       2
       0
       1
       2
       1
       2
       1
       1
       4
       2
       3
       2
       2
       2
       3
       7
       2
       4
       4
       4
       4
       4
       5
       4
       3
       4
       2
       4
       3
       2
       1
       2
       1
       2
       0
       1
       1
       2
       1
       1
       2
       2
       0
       1
       0
       0
       1
       1
       0
       2
       3
       3
       6
       4
       3
       2
       3
       1
       5
       4
       1
       3
       6
       0
       3
       2
       4
       6
      12
       9
      12
      13
      15
      21
      10
      22
      27
      34
      46
      63
      96
     133
     169
     146
     122
     106
     124
     215
     130
      70
      51
       0
       0
       0
       0
       0
       0
       0
       0
       0
       0
       0
       0
       0
       0
       0
       0
       0
       0
       0
       0
       0
       0
       0
       0
       0
       0
       0
       0
       0
       0
       0
       0
       0
       0
       0
       0
       0
       0
       0
       0
       0
       0
       0
       0
       0
       0
       0
       0
       0
       0
       0
       0
       0
       0
       0
       0
       0
       0
       0
       0
       0
       0
       0
       0
       0
       0
       0
       0
       0
       0
       0
       0
       0
       0
       0
       0
       0
       0
       0
       0
       0
       0
       0
       0
       0
       0
       0
       0
       0
       0
       0
       0
       0
       0
       0
       0
       0
       0
       0
       0
       0
       0
       0
       0
       0
       0
       0
       0
       0
       0
       0
       0
       0
       0
       0
       0
       0
       0
       0
       0
       0
       0
       0
       0
       0
       0
       0
       0
       0
       0
       0
       0
       0
       0
       0
       0
       0
       0
       0
       0
       0
       0
       0
       0
       0
       0
       0
       0
       0
       0
       0
       0
       0
       0
       0
       0
       0
       0
       0
       0
       0
       0
       0
       0
       0
       0
       0
       0
       0
       0
       0
       0
       0
       0
       0
       0
       0
       0
       0
       0
       0
       0
       0
       0
       0
       0
       0
       0
       0
       0
       0
       0
       0
       0
       0
       0
       0
       0
       0
       0
       0
       0
       0
       0
       0
       0
       0
       0
       0
       0
       0
       0
       0
       0
       0
       0
       0
       0
       0
       0
       0
       0
       0
       0
       0
       0
       0
       0
       0
       0
       0
       0
       0
       0
       0
       0
       0
       0
       0
       0
       0
       0
       0
       0
       0
       0
       0
       0
       0
       0
       0
       0
       0
       0
       0
       0
       0
       0
       0
       0
       0
       0
       0
       0
       0
       0
       0
       0
       0
       0
       0
       0
$ROI:
0
$PRESETS:
None
0
0
$ENER_FIT:
0.000000 0.000000
$MCA_CAL:
3
0.000000E+000 0.000000E+000 0.000000E+000
$SHAPE_CAL:
3
0.000000E+000 0.000000E+000 0.000000E+000
