$SPEC_ID:
prueba
$SPEC_REM:
DET# 1
DETDESC# MULTICAN MCB 1
AP# Maestro Version 5.30
$DATE_MEA:
01/01/2000 07:45:23
$MEAS_TIM:
1385 9587
$DATA:
0 1023
       0
       0
       0
       0
       3
      40
      20
      18
      24
      50
      48
      44
      32
      12
       3
       2
       0
       0
       0
       0
       0
       0
       0
       0
       0
       0
       0
       0
       0
       0
       0
       0
       0
       0
       0
       0
       1
       0
       1
       0
       0
       0
       0
       0
       1
       0
       0
       0
       0
       1
       1
       2
       0
       1
       1
       0
       2
       0
       1
       3
       4
       0
       2
       3
       3
       5
       1
       2
       1
       3
       3
       3
       1
       1
       2
       5
       3
       1
       3
       2
       2
       5
       4
       4
       2
       4
       2
       4
       3
       3
       3
       3
       5
       6
       2
       4
       3
       0
       3
       0
       4
       2
       1
       2
       3
       2
       6
       2
       6
       2
       2
       6
       2
       4
       2
       0
       6
       1
       1
       1
       4
       5
       2
       2
       1
       0
       3
       3
       2
       6
       2
       3
       1
       2
       3
       3
       1
       1
       3
       3
       3
       3
       3
       2
       3
       0
       3
       0
       1
       5
       3
       4
       3
       4
       0
       4
       2
       1
       1
       0
       5
       5
       6
       0
       5
       2
       2
       2
       2
       4
       1
       4
       4
       2
       6
       8
      14
      14
      31
      59
      65
      45
      48
      45
      24
      14
       7
       7
       2
       1
       0
       4
       2
       7
       7
       9
       6
       8
      12
      12
       7
       9
      10
       4
       4
       4
       6
      14
      18
      21
      28
      26
      16
      10
       5
       5
       7
       3
       4
       4
       0
       1
       2
       4
       2
       5
       3
       3
       5
       5
       4
       3
       4
       4
       4
       2
       2
       3
       5
       2
       2
       1
       4
       2
       1
       0
       1
       2
       3
       3
       2
       1
       1
       1
       1
       1
       1
       4
       5
       2
       2
       5
       3
       3
       2
       3
       2
       2
       3
       3
       1
       2
       3
       4
       2
       3
       4
       2
       3
       2
       1
       0
       4
       3
       3
       1
       2
       3
       2
       1
       2
       3
       2
       2
       2
       6
       0
       1
       4
       3
       0
       3
       4
       1
       4
       1
       1
       2
       1
       2
       0
       2
       1
       3
       2
       1
       1
       3
       1
       4
       0
       2
       4
       0
       1
       0
       1
       2
       0
       1
       3
       0
       1
       0
       1
       0
       0
       1
       2
       0
       1
       0
       0
       1
       0
       2
       1
       0
       1
       1
       0
       2
       2
       0
       1
       0
       1
       3
       0
       0
       2
       1
       5
       2
       1
       3
       0
       1
       2
       2
       5
       4
       4
       5
       5
       2
       1
       1
       2
       3
       3
       3
       1
       3
       2
       4
       4
       4
       2
       0
       2
       2
       0
       2
       0
       1
       0
       0
       1
       0
       1
       0
       0
       0
       0
       0
       1
       0
       0
       1
       0
       0
       0
       0
       0
       0
       0
       2
       0
       0
       0
       1
       0
       1
       0
       0
       0
       1
       1
       0
       2
       0
       1
       0
       1
       0
       0
       2
       4
       3
       1
       0
       1
       3
       4
       0
       3
       2
       2
       2
       1
       2
       1
       1
       1
       0
       1
       0
       0
       3
       2
       4
       3
       3
       3
       5
       5
       2
       4
       5
       4
       1
       2
       3
       2
       2
       2
       2
       2
       1
       1
       1
       0
       2
       0
       1
       2
       3
       0
       1
       1
       1
       1
       3
       3
       1
       2
       1
       0
       0
       0
       0
       1
       1
       0
       0
       0
       0
       0
       0
       0
       0
       0
       0
       0
       0
       0
       1
       0
       0
       0
       0
       0
       0
       0
       0
       1
       0
       0
       0
       0
       0
       0
       1
       1
       1
       0
       0
       0
       0
       2
       0
       0
       2
       2
       1
       1
       2
       1
       0
       1
       0
       0
       0
       0
       0
       0
       1
       1
       0
       0
       1
       0
       0
       0
       1
       1
       1
       0
       0
       0
       0
       0
       0
       0
       0
       0
       0
       0
       1
       1
       0
       0
       1
       0
       2
       0
       0
       2
       3
       1
       2
       0
       1
       1
       0
       0
       2
       0
       1
       0
       3
       4
       3
       2
       3
       5
      10
       6
       8
       8
       8
       2
      10
       4
       4
       2
       1
       0
       0
       1
       0
       0
       0
       0
       0
       0
       0
       0
       0
       0
       0
       0
       0
       2
       0
       0
       0
       0
       1
       0
       0
       0
       0
       0
       0
       0
       1
       0
       0
       0
       0
       0
       0
       0
       1
       0
       0
       0
       0
       0
       0
       0
       0
       0
       0
       0
       0
       1
       0
       1
       1
       0
       1
       1
       1
       0
       2
       0
       1
       1
       0
       0
       2
       4
       2
       0
       4
       1
       4
       0
       2
       1
       2
       0
       2
       0
       1
       0
       2
       1
       0
       0
       1
       0
       0
       0
       0
       1
       0
       0
       0
       0
       0
       0
       0
       0
       1
       0
       1
       1
       1
       0
       2
       3
       0
       5
       1
       2
       0
       0
       0
       0
       0
       0
       1
       0
       0
       0
       0
       0
       0
       0
       0
       1
       0
       0
       0
       0
       0
       0
       0
       4
     573
       0
       0
       0
       0
       0
       0
       0
       0
       0
       0
       0
       0
       0
       0
       0
       0
       0
       0
       0
       0
       0
       0
       0
       0
       0
       0
       0
       0
       0
       0
       0
       0
       0
       0
       0
       0
       0
       0
       0
       0
       0
       0
       0
       0
       0
       0
       0
       0
       0
       0
       0
       0
       0
       0
       0
       0
       0
       0
       0
       0
       0
       0
       0
       0
       0
       0
       0
       0
       0
       0
       0
       0
       0
       0
       0
       0
       0
       0
       0
       0
       0
       0
       0
       0
       0
       0
       0
       0
       0
       0
       0
       0
       0
       0
       0
       0
       0
       0
       0
       0
       0
       0
       0
       0
       0
       0
       0
       0
       0
       0
       0
       0
       0
       0
       0
       0
       0
       0
       0
       0
       0
       0
       0
       0
       0
       0
       0
       0
       0
       0
       0
       0
       0
       0
       0
       0
       0
       0
       0
       0
       0
       0
       0
       0
       0
       0
       0
       0
       0
       0
       0
       0
       0
       0
       0
       0
       0
       0
       0
       0
       0
       0
       0
       0
       0
       0
       0
       0
       0
       0
       0
       0
       0
       0
       0
       0
       0
       0
       0
       0
       0
       0
       0
       0
       0
       0
       0
       0
       0
       0
       0
       0
       0
       0
       0
       0
       0
       0
       0
       0
       0
       0
       0
       0
       0
       0
       0
       0
       0
       0
       0
       0
       0
       0
       0
       0
       0
       0
       0
       0
       0
       0
       0
       0
       0
       0
       0
       0
       0
       0
       0
       0
       0
       0
       0
       0
       0
       0
       0
       0
       0
       0
       0
       0
       0
       0
       0
       0
       0
       0
       0
       0
       0
       0
       0
       0
       0
       0
       0
       0
       0
       0
       0
       0
       0
       0
       0
       0
       0
       0
$ROI:
0
$PRESETS:
None
0
0
$ENER_FIT:
0.000000 0.000000
$MCA_CAL:
3
0.000000E+000 0.000000E+000 0.000000E+000
$SHAPE_CAL:
3
0.000000E+000 0.000000E+000 0.000000E+000
