$SPEC_ID:
Co60-18-9
$SPEC_REM:
DET# 1
DETDESC# MCB 1
AP# Maestro Version 5.30
$DATE_MEA:
01/02/2000 01:04:44
$MEAS_TIM:
1614 1800
$DATA:
0 1023
       0
       0
       0
       0
     483
    1296
     791
     638
     486
     343
     319
     324
     357
     356
     376
     339
     430
     458
     443
     448
     469
     483
     451
     493
     511
     528
     534
     577
     592
     641
     674
     742
     757
     833
     909
     960
     979
    1086
    1120
    1303
    1298
    1351
    1519
    1600
    1650
    1784
    1836
    1828
    1933
    1962
    2025
    2021
    2050
    2062
    2196
    2253
    2172
    2145
    2167
    2237
    2150
    2266
    2346
    2276
    2274
    2283
    2227
    2259
    2167
    2113
    2103
    2223
    2129
    2092
    2137
    2029
    2009
    2073
    2020
    2079
    1975
    1917
    1928
    1916
    1873
    1877
    1878
    1775
    1749
    1764
    1711
    1694
    1667
    1611
    1608
    1634
    1531
    1601
    1482
    1527
    1422
    1477
    1456
    1425
    1410
    1409
    1361
    1357
    1307
    1314
    1281
    1263
    1211
    1242
    1210
    1118
    1171
    1097
    1157
    1140
    1085
    1117
    1059
    1137
    1026
    1025
    1023
     997
    1008
     961
     991
     950
     948
     901
     901
     923
     953
     917
     894
     826
     849
     886
     819
     836
     821
     846
     819
     751
     748
     749
     746
     745
     784
     729
     669
     688
     638
     728
     664
     627
     678
     640
     613
     610
     619
     575
     575
     556
     569
     537
     555
     536
     493
     558
     543
     542
     521
     512
     481
     516
     500
     477
     440
     477
     517
     463
     445
     452
     472
     419
     415
     401
     403
     378
     410
     365
     378
     389
     372
     343
     381
     378
     369
     370
     333
     362
     355
     372
     325
     344
     322
     314
     308
     321
     308
     329
     294
     312
     336
     289
     307
     271
     294
     280
     283
     297
     298
     285
     248
     261
     275
     283
     239
     225
     220
     225
     227
     238
     229
     229
     238
     214
     188
     214
     227
     254
     214
     206
     209
     208
     192
     184
     209
     206
     211
     170
     216
     199
     201
     208
     177
     161
     164
     178
     192
     167
     189
     187
     201
     158
     181
     143
     165
     175
     160
     156
     145
     190
     157
     193
     165
     163
     169
     166
     173
     170
     161
     139
     137
     170
     126
     145
     148
     117
     155
     127
     151
     141
     173
     152
     128
     137
     136
     145
     153
     120
     145
     143
     143
     146
     141
     152
     138
     127
     138
     136
     122
     134
     128
     147
     148
     135
     136
     121
     123
     134
     113
     118
     122
     121
     105
     117
     127
     113
     135
     136
     138
     124
     136
     123
     125
     121
     127
     114
     108
     105
     110
     129
     104
     118
     130
     104
     143
     125
     122
     127
     126
     123
     135
      98
     119
     118
     137
     125
     128
     126
     124
     133
     123
     101
     124
     102
     106
      99
     116
      97
     108
      89
      97
      95
     116
     108
      92
      97
     110
      89
      78
      88
     103
      80
      89
      74
      84
     110
      85
      85
      81
      78
      71
      79
      92
      94
      88
      67
      92
      85
      76
      90
      92
      83
      84
      83
      80
      81
      78
      69
      82
      62
      72
      75
      59
      59
      93
      46
      76
      73
      71
      86
      84
      56
      57
      69
      66
      72
      74
      72
      58
      86
      62
      66
      72
      70
      56
      63
      60
      69
      77
      79
      65
      69
      70
      53
      69
      71
      51
      59
      49
      55
      61
      71
      57
      66
      65
      47
      53
      63
      49
      60
      63
      49
      62
      63
      55
      54
      56
      57
      50
      50
      65
      58
      61
      73
      50
      58
      55
      63
      57
      48
      64
      57
      51
      58
      65
      56
      53
      39
      41
      64
      55
      59
      47
      46
      61
      40
      45
      38
      42
      59
      50
      58
      61
      58
      54
      56
      59
      62
      52
      61
      53
      54
      58
      60
      61
      48
      44
      71
      51
      54
      53
      50
      61
      55
      57
      63
      40
      50
      48
      66
      64
      62
      71
      52
      51
      46
      73
      59
      62
      54
      37
      57
      52
      66
      50
      65
      46
      47
      41
      53
      59
      52
      42
      43
      53
      50
      42
      55
      52
      49
      41
      33
      50
      47
      41
      43
      61
      47
      55
      48
      43
      38
      39
      43
      41
      35
      47
      39
      53
      43
      35
      53
      50
      39
      44
      37
      44
      36
      48
      50
      38
      54
      30
      48
      33
      45
      43
      27
      49
      43
      34
      44
      37
      30
      36
      39
      39
      34
      33
      39
      29
      48
      35
      38
      42
      39
      47
      40
      31
      31
      40
      37
      27
      39
      37
      48
      35
      34
      32
      43
      28
      28
      37
      30
      56
      34
      43
      34
      54
      31
      42
      37
      30
      42
      31
      40
      35
      42
      41
      40
      26
      43
      38
      38
      39
      39
      35
      20
      37
      37
      36
      30
      44
      36
      36
      39
      33
      35
      27
      34
      38
      38
      41
      33
      36
      30
      34
      35
      39
      35
      32
      32
      40
      34
      32
      39
      31
      31
      38
      19
      31
      31
      36
      29
      31
      36
      21
      28
      22
      31
      21
      34
      27
      19
      25
      23
      23
      29
      21
      29
      19
      25
      35
      31
      20
      24
      29
      29
      32
      24
      32
      22
      34
      23
      22
      25
      25
      22
      25
      32
      23
      27
      15
      22
      33
      23
      22
      12
      18
      18
      19
      20
      24
      34
      26
      17
      31
      22
      19
      23
      21
      29
      27
      19
      22
      24
      25
      29
      13
      16
      14
      16
      20
      15
      17
      23
      24
      17
      20
      20
      20
      15
      31
      14
      19
      22
      23
      14
      13
      17
      19
      20
      21
      17
      30
      14
      18
      12
      20
      20
      21
      20
      20
      17
      17
      24
      19
      23
      21
      24
      22
      26
      22
      32
      22
      28
      32
      25
      30
      24
      21
      22
      27
      35
      18
      37
      36
      28
      18
      24
      22
      36
      34
      30
      33
      35
      36
      33
      39
      31
      36
      22
      39
      35
      33
      29
      24
      40
      44
      33
      48
      33
      47
      23
      30
      39
      42
      48
      53
      41
      20
      40
      43
      34
      42
      33
      33
      37
      24
      41
      40
      35
      38
      37
      31
      39
      30
      37
      38
      34
      45
      33
      28
      28
      34
      29
      31
      23
      25
      32
      38
      28
      21
      27
      30
      18
      20
      25
      28
      23
      20
      18
      25
      17
      20
      16
      17
      22
      15
      21
      20
      16
      19
      17
      11
      17
      17
      18
       7
      11
      12
      10
      16
      14
      12
      18
      13
       8
      13
      15
       6
      10
       9
       7
      16
       6
       7
      12
       7
      15
      16
       9
      13
      16
      10
      10
      10
       8
       9
      11
      11
      10
       9
       6
       9
       8
       8
       4
      11
      10
       8
       3
       6
       4
       4
      11
       8
       9
       8
       7
      10
       9
       8
       8
      10
      10
      16
       7
      10
       7
       8
       6
       3
      10
       3
       9
       6
      10
      15
       7
       7
       7
      11
       3
       7
      11
      12
      11
       5
       5
       6
       6
     150
     189
     143
     143
     150
     136
     141
     139
     155
     139
     148
     150
     159
     124
     140
     132
     150
     132
     133
     136
     147
     146
     134
     112
$ROI:
0
$PRESETS:
Real Time
1800
0
$ENER_FIT:
0.000000 0.000000
$MCA_CAL:
3
0.000000E+000 0.000000E+000 0.000000E+000
$SHAPE_CAL:
3
0.000000E+000 0.000000E+000 0.000000E+000
