$SPEC_ID:
prueba
$SPEC_REM:
DET# 1
DETDESC# MULTICAN MCB 1
AP# Maestro Version 5.30
$DATE_MEA:
01/01/2000 04:24:37
$MEAS_TIM:
2629 8198
$DATA:
0 1023
       0
       0
       0
       0
       1
      23
      21
      41
      42
      86
      74
      74
      49
      25
      14
       3
       0
       0
       0
       0
       0
       0
       0
       0
       0
       0
       0
       0
       0
       0
       0
       0
       0
       0
       0
       0
       0
       0
       0
       0
       0
       0
       1
       2
       0
       0
       1
       1
       1
       2
       1
       0
       2
       1
       2
       1
       1
       3
       3
       0
       2
       2
       0
       4
       4
       4
       2
       5
       7
       8
       1
       4
       6
       5
       6
       3
       4
       1
       4
       3
       4
       2
       2
       4
       5
       4
       3
       1
       5
       6
       5
       7
       2
       5
       3
       9
       4
       2
       5
       1
       5
       1
       8
       3
       6
       2
       6
       3
       2
       6
       2
       4
       3
       2
       6
       2
       3
       3
       5
       8
       3
       4
       2
       2
       2
       5
       3
       2
       5
       5
       8
       3
       4
       2
       4
       1
       4
       3
       1
       3
       3
       2
       0
       4
       2
       9
       3
       2
       5
       3
       4
       3
       2
       4
       5
       3
       4
       3
       3
       5
       5
       8
      18
      36
      44
      47
      60
      49
      41
      37
      35
      12
       7
       8
       2
       1
       3
       5
       5
      11
      13
       8
      10
      17
      11
       6
      11
       5
       8
       5
       2
       4
       2
       5
       6
       5
       3
       2
       2
      11
       2
       3
       2
       7
       4
       8
       8
      15
      21
      29
      30
      22
      26
      16
      15
       7
       4
       8
       3
       3
       5
       4
       4
       0
       4
       3
       5
       6
       6
       5
       5
      10
       6
       8
       5
       6
       2
       1
       2
       3
       3
       4
       3
       1
       4
       3
       1
       2
       3
       1
       1
       1
       6
       1
       2
       1
       1
       4
       3
       3
       2
       1
       4
       4
       1
       0
       3
       2
       2
       0
       3
       2
       0
       2
       2
       3
       1
       2
       2
       0
       3
       3
       2
       4
       5
       5
       3
       4
       3
       1
       0
       4
       3
       5
       4
       6
       6
       0
       3
       3
       2
       1
       0
       3
       2
       0
       1
       1
       2
       0
       3
       0
       3
       4
       9
       1
       0
       0
       1
       4
       0
       3
       1
       1
       0
       2
       2
       1
       2
       1
       3
       0
       2
       1
       3
       2
       0
       0
       3
       0
       2
       2
       1
       2
       0
       0
       1
       1
       1
       1
       3
       1
       1
       1
       1
       0
       1
       3
       3
       1
       1
       4
       1
       5
       1
       3
       3
       3
       7
       3
       6
       3
       0
       7
       6
       1
       4
       4
       2
       1
       5
       5
       2
       4
       3
       5
       5
       4
       2
       4
       1
       3
       0
       1
       0
       1
       2
       0
       0
       0
       1
       0
       0
       1
       0
       0
       2
       1
       0
       1
       0
       1
       0
       1
       0
       0
       1
       1
       0
       0
       0
       0
       2
       1
       1
       1
       1
       1
       0
       2
       1
       1
       1
       1
       2
       1
       0
       1
       0
       3
       5
       1
       1
       4
       1
       5
       2
       3
       0
       2
       1
       0
       3
       1
       1
       3
       3
       3
       2
       0
       2
       4
       2
       6
       6
       5
       5
       6
       3
       4
       6
       5
       3
       4
       3
       0
       1
       3
       3
       4
       0
       2
       0
       2
       3
       3
       0
       3
       0
       2
       1
       2
       1
       4
       1
       2
       1
       1
       0
       1
       0
       0
       1
       2
       0
       0
       0
       0
       0
       0
       0
       0
       0
       0
       0
       0
       0
       0
       0
       0
       1
       2
       0
       3
       1
       0
       0
       0
       1
       1
       1
       2
       1
       0
       0
       3
       2
       4
       0
       0
       2
       3
       1
       1
       1
       4
       1
       2
       0
       1
       4
       1
       1
       1
       1
       0
       0
       0
       0
       0
       0
       0
       0
       0
       0
       0
       1
       0
       0
       0
       0
       0
       1
       1
       3
       1
       0
       1
       0
       0
       2
       0
       1
       1
       0
       2
       0
       0
       3
       0
       3
       2
       2
       1
       2
       3
       2
       3
       1
       1
       1
       3
       4
       3
       3
       6
       8
      10
      13
      11
      11
      10
       8
       9
       3
       6
       1
       0
       1
       2
       0
       0
       0
       0
       0
       0
       1
       0
       0
       0
       0
       0
       1
       2
       2
       0
       0
       1
       1
       0
       0
       1
       0
       1
       0
       0
       0
       0
       0
       0
       1
       0
       1
       0
       4
       0
       0
       0
       1
       1
       0
       0
       3
       1
       1
       0
       0
       0
       0
       2
       0
       0
       1
       0
       1
       0
       0
       0
       1
       0
       0
       0
       3
       0
       3
       2
       1
       3
       1
       4
       1
       2
       0
       0
       0
       0
       0
       0
       1
       2
       1
       0
       1
       1
       0
       0
       0
       0
       0
       0
       0
       0
       0
       1
       0
       1
       0
       1
       3
       1
       2
       1
       3
       2
       3
       5
       0
       2
       0
       1
       1
       0
       0
       0
       0
       0
       0
       0
       0
       0
       0
       1
       0
       0
       0
       0
       0
       0
       0
       0
       3
     151
     478
     105
       0
       0
       0
       0
       0
       0
       0
       0
       0
       0
       0
       0
       0
       0
       0
       0
       0
       0
       0
       0
       0
       0
       0
       0
       0
       0
       0
       0
       0
       0
       0
       0
       0
       0
       0
       0
       0
       0
       0
       0
       0
       0
       0
       0
       0
       0
       0
       0
       0
       0
       0
       0
       0
       0
       0
       0
       0
       0
       0
       0
       0
       0
       0
       0
       0
       0
       0
       0
       0
       0
       0
       0
       0
       0
       0
       0
       0
       0
       0
       0
       0
       0
       0
       0
       0
       0
       0
       0
       0
       0
       0
       0
       0
       0
       0
       0
       0
       0
       0
       0
       0
       0
       0
       0
       0
       0
       0
       0
       0
       0
       0
       0
       0
       0
       0
       0
       0
       0
       0
       0
       0
       0
       0
       0
       0
       0
       0
       0
       0
       0
       0
       0
       0
       0
       0
       0
       0
       0
       0
       0
       0
       0
       0
       0
       0
       0
       0
       0
       0
       0
       0
       0
       0
       0
       0
       0
       0
       0
       0
       0
       0
       0
       0
       0
       0
       0
       0
       0
       0
       0
       0
       0
       0
       0
       0
       0
       0
       0
       0
       0
       0
       0
       0
       0
       0
       0
       0
       0
       0
       0
       0
       0
       0
       0
       0
       0
       0
       0
       0
       0
       0
       0
       0
       0
       0
       0
       0
       0
       0
       0
       0
       0
       0
       0
       0
       0
       0
       0
       0
       0
       0
       0
       0
       0
       0
       0
       0
       0
       0
       0
       0
       0
       0
       0
       0
       0
       0
       0
       0
       0
       0
       0
       0
       0
       0
       0
       0
       0
       0
       0
       0
       0
       0
       0
       0
       0
       0
       0
       0
       0
       0
       0
       0
       0
       0
       0
       0
       0
       0
       0
$ROI:
0
$PRESETS:
None
0
0
$ENER_FIT:
0.000000 0.000000
$MCA_CAL:
3
0.000000E+000 0.000000E+000 0.000000E+000
$SHAPE_CAL:
3
0.000000E+000 0.000000E+000 0.000000E+000
