$SPEC_ID:
prueba
$SPEC_REM:
DET# 1
DETDESC# MULTICAN MCB 1
AP# Maestro Version 5.30
$DATE_MEA:
01/02/2000 06:51:52
$MEAS_TIM:
3699 3718
$DATA:
0 1023
       0
       0
       0
       0
       0
       7
      19
      52
     103
     111
     120
     107
      62
      21
      12
       4
       0
       0
       0
       0
       0
       0
       0
       0
       1
       0
       0
       0
       0
       0
       0
       1
       0
       0
       0
       0
       1
       2
       0
       1
       2
       3
       0
       1
       1
       2
       0
       0
       3
       4
       6
       1
       5
       3
       1
      10
       5
       6
       7
       7
       5
       8
       5
       3
       9
       4
       6
      11
       9
      11
       8
       9
      12
       5
       9
      11
       6
      10
       6
       8
       8
       7
       6
       9
       7
      14
       8
       9
      10
      15
      16
       9
       4
       9
       5
       7
      11
       8
       4
       3
      11
      10
       6
       8
       8
       8
       4
       4
      10
       9
       5
      10
       8
       6
       7
       4
       8
       6
      10
       7
       6
       8
       7
      11
      10
       9
       8
      12
       8
       5
      11
       5
       6
       7
       6
       7
       9
      10
       6
       6
       8
      14
       4
       6
       8
       5
      12
       9
      11
       8
       9
       8
       9
       7
       9
       7
       7
       4
       6
      10
       4
       6
       8
       7
       9
       9
       3
       4
      11
       7
       7
       0
       4
       4
       6
       5
      12
      11
       9
       5
      10
      12
       6
       4
      12
       7
       9
       6
       4
       9
       9
       7
       4
       9
       6
       4
       5
       5
       5
       3
       7
       2
      10
      12
      13
      17
      36
      40
      43
      63
      67
      48
      41
      37
      22
      18
      14
      13
      10
       7
       4
       8
       7
       9
       7
      10
       7
       8
      13
      14
      12
      23
      12
       8
      11
       9
       7
       8
      10
       4
       7
       4
       6
       6
       4
       8
       7
      10
       4
       3
       7
       8
       8
       2
       5
       6
       5
       4
       8
       6
       9
      10
       4
       6
       5
       6
       9
       9
       7
      11
       6
      12
      10
       4
       3
       2
      11
      10
       5
       5
       6
       7
       4
       6
       5
       5
       3
       7
       6
       5
       7
       7
       7
       8
       6
       6
       7
      10
       4
       8
       6
       3
       7
       7
       3
       5
       7
       5
       4
       6
       3
       5
       6
       4
       7
       4
       2
       6
       2
       5
       1
       1
       0
       4
       1
       1
       4
       1
       0
       4
       0
       3
       0
       3
       3
       1
       3
       5
       3
       0
       3
       0
       3
       2
       3
       3
       1
       1
       3
       1
       4
       2
       5
       3
       0
       2
       1
       2
       0
       3
       4
       6
       3
       5
       5
       7
      12
       6
       7
      11
       7
       8
       7
      12
       3
       4
       6
       4
       8
       3
       1
       7
       4
       5
       5
      10
       4
       7
       2
       4
       8
       4
       1
       1
       1
       1
       5
       2
       1
       1
       1
       2
       0
       0
       2
       0
       3
       1
       0
       2
       0
       0
       2
       0
       1
       0
       2
       0
       0
       1
       0
       1
       1
       3
       2
       3
       1
       1
       2
       1
       1
       1
       2
       1
       3
       1
       3
       3
       2
       6
       5
       5
       4
       3
       5
       5
       4
       4
       2
       3
       5
       7
      11
       6
       6
       6
       4
      10
       4
       7
       6
       4
       3
       8
       6
      11
       9
      12
       6
      11
      11
       9
       9
       8
       6
      11
      18
      15
      25
      31
      35
      46
      33
      43
      43
      30
      29
      21
      12
       8
      11
       8
       4
       5
       1
       3
       2
       2
       0
       1
       4
       2
       0
       2
       0
       0
       0
       1
       1
       1
       1
       1
       0
       1
       0
       0
       2
       1
       1
       0
       1
       6
       3
       1
       1
       0
       0
       1
       0
       0
       4
       4
       3
       2
       0
       2
       3
       2
       6
       7
       6
       5
       5
       7
       5
       4
       1
       6
       4
       3
       2
       3
       2
       5
       1
       0
       2
       2
       1
       1
       2
       3
       2
       0
       0
       2
       0
       0
       1
       1
       1
       2
       1
       1
       3
       4
       1
       3
       2
       0
       1
       1
       1
       0
       2
       2
       2
       2
       3
       3
       4
       4
       2
       4
       5
       3
       1
       5
       6
       5
       2
       7
       4
      14
      13
      12
      17
      18
      17
      33
      38
      29
      16
      24
      13
      11
       5
       5
       3
       2
       0
       0
       2
       0
       0
       0
       0
       0
       2
       1
       1
       1
       1
       0
       0
       1
       0
       2
       1
       1
       0
       1
       0
       0
       1
       0
       0
       0
       0
       2
       0
       0
       2
       0
       0
       0
       0
       0
       0
       1
       0
       2
       3
       0
       0
       1
       2
       1
       1
       1
       1
       2
       1
       2
       1
       1
       0
       0
       2
       2
       1
       4
       2
       4
       4
       6
       1
       3
       3
       3
       4
       6
       4
       1
       2
       3
       0
       3
       2
       1
       1
       5
       1
       1
       1
       0
       1
       1
       0
       1
       1
       0
       1
       2
       0
       0
       0
       0
       2
       2
       1
       4
       5
       4
       6
       3
       9
       5
       3
       4
       4
       3
       1
       1
       1
       0
       1
       0
       0
       1
       0
       0
       1
       0
       0
       0
       0
       1
       1
       1
       0
       0
       4
    1817
       1
       0
       0
       0
       0
       0
       0
       0
       0
       0
       0
       0
       0
       0
       0
       0
       0
       0
       0
       0
       0
       0
       0
       0
       0
       0
       0
       0
       0
       0
       0
       0
       0
       0
       0
       0
       0
       0
       0
       0
       0
       0
       0
       0
       0
       0
       0
       0
       0
       0
       0
       0
       0
       0
       0
       0
       0
       0
       0
       0
       0
       0
       0
       0
       0
       0
       0
       0
       0
       0
       0
       0
       0
       0
       0
       0
       0
       0
       0
       0
       0
       0
       0
       0
       0
       0
       0
       0
       0
       0
       0
       0
       0
       0
       0
       0
       0
       0
       0
       0
       0
       0
       0
       0
       0
       0
       0
       0
       0
       0
       0
       0
       0
       0
       0
       0
       0
       0
       0
       0
       0
       0
       0
       0
       0
       0
       0
       0
       0
       0
       0
       0
       0
       0
       0
       0
       0
       0
       0
       0
       0
       0
       0
       0
       0
       0
       0
       0
       0
       0
       0
       0
       0
       0
       0
       0
       0
       0
       0
       0
       0
       0
       0
       0
       0
       0
       0
       0
       0
       0
       0
       0
       0
       0
       0
       0
       0
       0
       0
       0
       0
       0
       0
       0
       0
       0
       0
       0
       0
       0
       0
       0
       0
       0
       0
       0
       0
       0
       0
       0
       0
       0
       0
       0
       0
       0
       0
       0
       0
       0
       0
       0
       0
       0
       0
       0
       0
       0
       0
       0
       0
       0
       0
       0
       0
       0
       0
       0
       0
       0
       0
       0
       0
       0
       0
       0
       0
       0
       0
       0
       0
       0
       0
       0
       0
       0
       0
       0
       0
       0
       0
       0
       0
       0
       0
       0
       0
       0
       0
       0
       0
       0
       0
       0
       0
       0
       0
       0
       0
       0
$ROI:
0
$PRESETS:
None
0
0
$ENER_FIT:
0.000000 0.000000
$MCA_CAL:
3
0.000000E+000 0.000000E+000 0.000000E+000
$SHAPE_CAL:
3
0.000000E+000 0.000000E+000 0.000000E+000
