$SPEC_ID:
prueba
$SPEC_REM:
DET# 1
DETDESC# MULTICAN MCB 1
AP# Maestro Version 5.30
$DATE_MEA:
01/02/2000 05:08:52
$MEAS_TIM:
6012 6049
$DATA:
0 1023
       0
       0
       0
       0
       0
       4
      49
      88
     150
     183
     229
     191
      99
      65
      12
       2
       0
       0
       0
       0
       0
       0
       0
       1
       0
       0
       0
       0
       0
       0
       1
       0
       0
       0
       0
       0
       0
       0
       4
       0
       1
       0
       1
       2
       2
       4
       3
       1
       4
       6
       6
       2
       6
       7
       6
       6
       7
       7
      14
       9
      13
      10
       7
      13
      14
      19
      12
      11
      24
      17
      20
       3
       9
      11
      11
      13
      15
      14
      13
      10
      12
      21
       8
      16
      23
       6
      21
       9
      18
      14
      17
      13
      14
      12
      19
      14
      18
      22
      16
      10
      17
      15
       8
      11
       8
      10
      19
      10
      15
      11
      13
      15
       9
       9
      15
      10
      18
      10
       6
      15
      12
      15
       9
      17
      11
      13
      17
       9
       5
      14
      12
      11
      11
      12
      12
       7
       9
      12
       8
      10
      14
      15
      10
      10
      10
      10
      13
      12
       4
      15
       9
      12
       4
      16
       9
      13
      14
       8
      10
      15
       8
       8
      20
      16
      16
      18
      11
      11
       9
      11
      12
      15
      15
      12
      14
      11
      13
      10
      16
      16
      16
      14
       9
      13
       9
      12
       7
      12
      12
       8
      10
      14
       8
      12
       9
      11
       8
      14
      14
       8
       6
      12
      13
      17
      20
      39
      44
      86
      73
     110
     115
     107
      81
      60
      35
      21
      17
      14
      10
      10
      12
       9
      17
      18
       8
      22
      16
      13
      20
      25
      24
      30
      30
      22
      20
      12
      14
      11
       7
       7
       9
      11
      14
      12
       7
      14
      14
      12
      11
       9
      12
      12
       8
      11
       5
       9
      16
       5
       7
      10
       8
       9
      19
      12
      10
      14
      11
      12
      10
       9
       7
       9
       9
       7
      11
       7
      11
      10
      13
       3
      14
      10
       9
       9
      11
      16
       9
       7
      12
       9
      11
      13
      11
      11
      16
      11
      10
       9
      13
       7
       8
       5
      15
       7
      12
      13
       1
      12
      11
       7
       5
       5
       9
       7
       8
       9
       9
       4
       2
       3
       7
       3
       3
       3
       4
      12
       8
       5
       7
       2
       6
       3
       3
       2
       1
       2
       3
       1
       1
       3
       4
       2
       4
       2
       3
       8
       0
       5
       5
       6
       8
       3
       3
       3
       5
       4
       7
       2
       3
       8
       8
       7
       5
       7
      10
      13
      10
      16
      16
      18
      17
      21
      15
      15
      11
      15
      12
       8
      10
      14
       9
      10
      10
       9
       9
      11
      10
      12
       6
       9
       8
       5
      10
       3
       4
       3
       1
       3
       3
       0
       1
       2
       5
       6
       4
       3
       2
       0
       4
       3
       1
       7
       2
       3
       2
       4
       5
       3
       4
       1
       1
       2
       3
       2
       3
       1
       7
       2
       6
       5
       5
       2
       5
       4
       4
       4
       6
       3
       5
      18
       6
       7
      11
      14
      14
      18
       3
      19
      14
      19
      20
      21
      38
      40
      47
      73
      93
     127
     126
     127
     118
      90
      85
      87
      78
      26
      26
      25
      21
      18
      14
       8
      13
      11
       8
      10
       7
       5
       6
       5
       4
       5
       3
       5
       4
       5
       8
       8
       3
       8
       5
       6
       8
       7
       7
       8
       2
       1
       2
       5
       4
       1
       1
       3
       1
       3
       3
       7
       4
       5
       4
      14
      18
      12
      16
      13
      15
      14
       8
      11
       8
       7
       7
       2
       7
       3
       5
       4
       4
       2
       5
       0
       3
       2
       3
       1
       5
       2
       5
       1
       1
       4
       4
       1
       4
       0
       3
       4
       4
       2
       2
       4
       1
       5
       3
       2
       2
       1
       3
       3
       1
       1
       0
       1
       2
       1
       1
       2
       2
       2
       7
       1
       4
       3
       3
       8
       2
       3
       4
       1
       0
       2
       2
       6
       0
       0
       5
       1
       0
       5
       3
       5
       4
       4
       1
       3
       6
       4
       6
       6
       9
       9
      14
      19
      24
      28
      34
      27
      28
      38
      40
      37
      37
      20
      17
      15
      13
       7
       5
       4
       1
       0
       3
       0
       0
       0
       2
       0
       2
       0
       1
       1
       0
       0
       1
       0
       1
       1
       2
       0
       1
       2
       1
       3
       1
       1
       1
       0
       0
       0
       1
       0
       1
       1
       1
       0
       1
       1
       1
       2
       2
       3
       0
       3
       2
       1
       0
       0
       1
       2
       1
       3
       2
       2
       1
       1
       3
       3
       5
       2
       3
       7
       3
       8
       5
       9
       6
       9
       9
       4
       6
       7
       3
       3
       3
       3
       3
       4
       4
       2
       1
       1
       2
       1
       0
       2
       0
       1
       1
       1
       1
       2
       1
       1
       1
       0
       2
       0
       1
       7
       6
      13
       5
      13
      13
      13
      14
       2
       3
       2
       3
       6
       2
       0
       0
       0
       1
       1
       0
       1
       2
       0
       0
       0
       1
       1
       1
       0
       1
       0
       0
       2
      12
    2948
       3
       0
       0
       0
       0
       0
       0
       0
       0
       0
       0
       0
       0
       0
       0
       0
       0
       0
       0
       0
       0
       0
       0
       0
       0
       0
       0
       0
       0
       0
       0
       0
       0
       0
       0
       0
       0
       0
       0
       0
       0
       0
       0
       0
       0
       0
       0
       0
       0
       0
       0
       0
       0
       0
       0
       0
       0
       0
       0
       0
       0
       0
       0
       0
       0
       0
       0
       0
       0
       0
       0
       0
       0
       0
       0
       0
       0
       0
       0
       0
       0
       0
       0
       0
       0
       0
       0
       0
       0
       0
       0
       0
       0
       0
       0
       0
       0
       0
       0
       0
       0
       0
       0
       0
       0
       0
       0
       0
       0
       0
       0
       0
       0
       0
       0
       0
       0
       0
       0
       0
       0
       0
       0
       0
       0
       0
       0
       0
       0
       0
       0
       0
       0
       0
       0
       0
       0
       0
       0
       0
       0
       0
       0
       0
       0
       0
       0
       0
       0
       0
       0
       0
       0
       0
       0
       0
       0
       0
       0
       0
       0
       0
       0
       0
       0
       0
       0
       0
       0
       0
       0
       0
       0
       0
       0
       0
       0
       0
       0
       0
       0
       0
       0
       0
       0
       0
       0
       0
       0
       0
       0
       0
       0
       0
       0
       0
       0
       0
       0
       0
       0
       0
       0
       0
       0
       0
       0
       0
       0
       0
       0
       0
       0
       0
       0
       0
       0
       0
       0
       0
       0
       0
       0
       0
       0
       0
       0
       0
       0
       0
       0
       0
       0
       0
       0
       0
       0
       0
       0
       0
       0
       0
       0
       0
       0
       0
       0
       0
       0
       0
       0
       0
       0
       0
       0
       0
       0
       0
       0
       0
       0
       0
       0
       0
       0
       0
       0
       0
       0
       0
$ROI:
0
$PRESETS:
None
0
0
$ENER_FIT:
0.000000 0.000000
$MCA_CAL:
3
0.000000E+000 0.000000E+000 0.000000E+000
$SHAPE_CAL:
3
0.000000E+000 0.000000E+000 0.000000E+000
