$SPEC_ID:
prueba
$SPEC_REM:
DET# 1
DETDESC# MULTICAN MCB 1
AP# Maestro Version 5.30
$DATE_MEA:
01/04/2000 11:47:10
$MEAS_TIM:
22496 213722
$DATA:
0 1023
       0
       0
       0
       1
      26
     658
     424
     320
     476
     680
     807
     775
     571
     291
     105
      21
       5
       3
       2
       3
       0
       0
       1
       0
       0
       3
       0
       0
       0
       2
       0
       1
       1
       1
       3
       0
       0
       1
       1
       3
       3
       5
       2
       5
       6
       8
       8
       7
      15
       6
      19
      12
      14
      20
      14
      27
      19
      21
      35
      31
      30
      36
      40
      41
      43
      44
      58
      49
      67
      93
     110
      96
      82
      80
      70
      64
      46
      52
      33
      42
      36
      33
      41
      39
      40
      46
      53
      56
      54
      36
      48
      37
      49
      51
      51
      50
      39
      50
      65
      45
      52
      48
      50
      42
      41
      43
      48
      47
      35
      49
      46
      49
      36
      36
      34
      33
      28
      39
      25
      50
      51
      36
      46
      41
      50
      38
      37
      41
      37
      38
      55
      43
      35
      48
      40
      46
      34
      35
      43
      43
      38
      33
      36
      35
      35
      45
      30
      28
      25
      29
      32
      35
      43
      47
      38
      40
      39
      34
      27
      34
      36
      37
      34
      38
      37
      39
      40
      38
      27
      39
      37
      35
      34
      37
      38
      47
      39
      42
      44
      42
      57
      61
      52
      50
      37
      50
      51
      22
      39
      38
      30
      37
      36
      43
      43
      39
      24
      37
      43
      46
      40
      38
      44
      52
      99
     103
     181
     298
     323
     400
     410
     390
     344
     217
     168
     101
      71
      54
      39
      42
      37
      33
      46
      34
      50
      54
      41
      53
      78
      70
      90
      86
      90
      65
      72
      58
      53
      51
      38
      48
      49
      42
      32
      45
      36
      43
      46
      39
      42
      47
      48
      57
      63
      79
     107
     125
     144
     176
     145
     118
      98
      70
      72
      51
      50
      48
      45
      48
      39
      48
      45
      48
      52
      47
      39
      49
      69
      51
      68
      78
      84
      75
      85
      97
      93
     119
     191
     308
     438
     700
     988
    1403
    1866
    2246
    2292
    2202
    1913
    1452
     952
     590
     346
     208
     116
      59
      47
      38
      37
      37
      45
      22
      24
      37
      42
      56
      36
      54
      52
      55
      45
      46
      43
      37
      31
      26
      37
      35
      30
      37
      21
      51
      34
      38
      65
      39
      62
      71
      84
     107
     122
     119
     143
     164
     202
     174
     255
     338
     453
     703
     873
    1099
    1269
    1351
    1277
    1113
     793
     653
     364
     278
     168
     142
     124
     107
      82
      74
      59
      56
      42
      25
      35
      30
      26
      30
      24
      25
      27
      22
      15
      20
      20
      21
      26
      33
      40
      52
      66
      78
     100
      87
      89
      92
      60
      46
      31
      34
      16
      16
      11
      10
      10
      13
      20
      16
      13
      16
      32
      38
      56
      65
      90
     111
      85
      91
      72
      65
      46
      37
      36
      39
      30
      34
      31
      29
      24
      25
      28
      14
       8
      10
      10
       3
       8
       8
       6
      10
       4
       5
       6
       8
      13
      13
       7
       8
       8
      12
      13
       5
       9
      11
       5
       7
       8
      10
       6
       9
       6
      10
      11
       8
       8
      13
      15
      11
      11
      19
      21
      21
      24
      25
      21
      24
      20
      18
      18
      20
      23
      13
      15
      11
      13
       8
       4
       9
       7
      15
      11
      16
      14
      32
      50
      50
      40
      48
      50
      39
      33
      36
      15
      13
      10
      13
       6
       5
       2
       4
       4
       2
       2
       2
       2
       1
       4
       1
       1
       3
       2
       2
       1
       4
       3
       4
       2
       1
       0
       4
       3
       2
       3
       1
       2
       2
       1
       2
       2
       3
       0
       2
       3
       3
       3
       3
       2
       4
       5
       3
       1
       4
       8
       4
       2
       3
       4
       4
       6
       1
       4
       3
       2
       3
       2
       4
       3
       2
       3
       5
       3
       6
       3
       3
       5
       6
      13
       7
       7
      10
       8
      17
      14
       9
       7
       6
      10
       7
       6
       3
       4
       5
       3
       5
       7
       9
      16
       8
      16
      13
      11
       8
      12
       8
      16
      18
      16
      27
      24
      33
      46
      50
      72
      63
      74
      69
     100
     103
      91
      77
      68
      42
      30
      29
      19
       9
       6
       4
       4
       5
       0
       3
       2
       2
       1
       1
       1
       1
       1
       4
       2
       1
       4
       2
       2
       0
       1
       1
       1
       3
       1
       0
       0
       0
       0
       1
       2
       2
       1
       2
       2
       2
       1
       3
       1
       3
       5
       3
       2
       3
       3
       3
       3
       1
       3
       2
       6
       5
       4
       4
       5
       3
       5
       3
       5
       2
       7
       9
       6
      13
      17
      20
      20
      20
      20
      23
      10
       7
       4
       9
       1
       7
       9
      11
       1
       4
       6
       8
       4
       5
       2
       4
       6
       2
       1
       1
       3
       1
       0
       2
       0
       2
       1
       0
       8
       2
       5
       1
       9
       6
       8
       5
       6
       3
       3
       8
       6
       5
       0
       3
       1
       1
       3
       1
       2
       2
       1
       0
       2
       3
       1
       3
       4
       1
       0
       0
       1
       2
      19
      99
    6165
       0
       0
       0
       0
       0
       0
       0
       0
       0
       0
       0
       0
       0
       0
       0
       0
       0
       0
       0
       0
       0
       0
       0
       0
       0
       0
       0
       0
       0
       0
       0
       0
       0
       0
       0
       0
       0
       0
       0
       0
       0
       0
       0
       0
       0
       0
       0
       0
       0
       0
       0
       0
       0
       0
       0
       0
       0
       0
       0
       0
       0
       0
       0
       0
       0
       0
       0
       0
       0
       0
       0
       0
       0
       0
       0
       0
       0
       0
       0
       0
       0
       0
       0
       0
       0
       0
       0
       0
       0
       0
       0
       0
       0
       0
       0
       0
       0
       0
       0
       0
       0
       0
       0
       0
       0
       0
       0
       0
       0
       0
       0
       0
       0
       0
       0
       0
       0
       0
       0
       0
       0
       0
       0
       0
       0
       0
       0
       0
       0
       0
       0
       0
       0
       0
       0
       0
       0
       0
       0
       0
       0
       0
       0
       0
       0
       0
       0
       0
       0
       0
       0
       0
       0
       0
       0
       0
       0
       0
       0
       0
       0
       0
       0
       0
       0
       0
       0
       0
       0
       0
       0
       0
       0
       0
       0
       0
       0
       0
       0
       0
       0
       0
       0
       0
       0
       0
       0
       0
       0
       0
       0
       0
       0
       0
       0
       0
       0
       0
       0
       0
       0
       0
       0
       0
       0
       0
       0
       0
       0
       0
       0
       0
       0
       0
       0
       0
       0
       0
       0
       0
       0
       0
       0
       0
       0
       0
       0
       0
       0
       0
       0
       0
       0
       0
       0
       0
       0
       0
       0
       0
       0
       0
       0
       0
       0
       0
       0
       0
       0
       0
       0
       0
       0
       0
       0
       0
       0
       0
       0
       0
       0
       0
       0
       0
       0
       0
       0
       0
       0
$ROI:
0
$PRESETS:
None
0
0
$ENER_FIT:
0.000000 0.000000
$MCA_CAL:
3
0.000000E+000 0.000000E+000 0.000000E+000
$SHAPE_CAL:
3
0.000000E+000 0.000000E+000 0.000000E+000
