$SPEC_ID:
prueba
$SPEC_REM:
DET# 1
DETDESC# MULTICAN MCB 1
AP# Maestro Version 5.30
$DATE_MEA:
01/03/2000 23:50:06
$MEAS_TIM:
3767 27869
$DATA:
0 1023
       0
       0
       0
       0
       2
      87
      53
      47
      74
      99
     132
     117
      96
      38
      20
       2
       2
       1
       0
       0
       1
       0
       0
       0
       0
       0
       0
       0
       0
       0
       0
       0
       1
       0
       0
       1
       0
       0
       0
       0
       0
       1
       1
       0
       1
       0
       1
       2
       0
       4
       4
       7
       1
       2
       3
       2
       2
       6
       3
       9
       5
       9
       7
       7
       9
       9
       7
      12
       4
       8
      12
       5
       2
       7
       6
      10
       5
       9
      10
       7
      12
       8
       8
       9
       7
       9
      12
       6
      15
       6
      12
      11
      13
      12
      13
      16
      11
      18
      15
      13
      22
      20
      15
      10
      15
      15
       9
       7
       3
       6
       6
      12
       9
       8
       7
       7
      13
      11
       4
       7
       8
       8
       7
       7
       3
       8
       6
       8
       8
       9
       5
       5
      17
       6
      16
       6
       9
      10
       9
       9
      12
       5
       9
       3
       8
       4
       4
       8
       5
       8
       6
       8
       9
       8
       6
       5
       5
       4
       7
       7
       6
       8
       6
       9
       7
       8
       8
       7
       7
       5
       4
       4
       6
       5
       6
      11
       9
       7
       7
       7
       9
       5
       9
       8
      10
       9
       2
       7
       3
      10
       7
       5
       4
       6
       8
       6
       1
       3
      10
       8
       2
       7
      10
      16
      13
      20
      38
      47
      65
      72
      77
      92
      68
      42
      29
      21
       9
       9
       3
       9
       6
       9
       6
       8
       4
       7
      10
       8
      14
      14
      19
      19
      15
      19
      11
      16
      12
       0
       7
       4
      11
       5
       6
       9
       6
      10
       5
       7
      15
       4
       2
       8
       4
       8
       8
       5
       4
       5
       3
       6
       3
       5
       3
       3
       7
       7
       1
       5
       8
       4
       1
       6
       4
       5
       9
       4
       7
       6
       4
       3
       4
       3
       4
       2
       2
       4
       3
       7
       7
       9
       5
       9
       8
      10
      12
       9
       7
       9
       5
       6
       7
       5
       1
       6
       4
       6
       4
       3
       4
       5
       4
       7
       7
       3
       3
       7
       8
       1
       6
       4
       7
       1
       3
       8
       3
       8
       5
       3
       2
      11
       9
       8
      10
       9
       6
      10
       4
       2
       3
       3
       2
       2
       5
       1
       5
       4
       7
       6
       5
       9
      11
       9
       7
       5
       6
       5
       5
       5
       6
       5
       6
       7
       9
       9
      10
      13
      18
      16
      12
      15
      19
      17
      12
      12
       9
      15
      22
      18
      19
      10
      18
      24
      29
      43
      60
      71
      61
      88
      70
      68
      56
      38
      23
      16
      11
       9
       2
       5
       1
       2
       4
       1
       1
       3
       1
       6
       1
       2
       5
       5
       5
       1
       4
       1
       2
       2
       3
       3
       1
       3
       0
       1
       2
       2
       0
       2
       3
       0
       4
       4
       5
       1
       5
       2
       5
       8
       6
       2
      14
      12
       7
       6
       8
      12
       9
       7
       4
      10
       7
      12
       3
       7
       6
       8
       5
       7
       7
       7
      10
      14
      14
      18
      19
      18
      17
      25
      19
      37
      32
      17
      22
      24
      21
      21
       9
      14
      15
      13
       9
       7
       8
       2
       9
       5
      11
      15
      19
      31
      29
      45
      35
      49
      35
      46
      34
      28
      13
       9
       7
      10
       9
       5
       3
       0
       2
       0
       2
       2
       1
       4
       1
       1
       1
       0
       1
       0
       2
       1
       0
       1
       1
       0
       3
       1
       4
       4
       0
       2
       3
       0
       4
       2
       3
       3
       1
       2
       4
       4
       3
       4
       5
       6
       4
       5
       2
       1
       2
       3
       2
       4
       3
       2
       4
       0
       4
       1
       4
       5
       2
       0
       0
       2
       2
       3
       5
       4
       4
       3
       3
       8
      13
      13
      11
      12
       8
      15
      12
      12
      11
      14
      18
      23
      32
      20
      27
      19
      15
       9
      12
      12
       8
       9
       6
       1
       3
       5
       4
       5
       2
       3
       3
       8
       8
       5
      18
      18
      16
      11
      18
      21
      15
      32
      23
      18
       6
      17
      11
       6
       2
       2
       2
       2
       0
       2
       1
       0
       2
       1
       0
       0
       0
       0
       0
       2
       1
       0
       0
       1
       2
       3
       1
       1
       0
       0
       0
       1
       0
       0
       1
       0
       3
       3
       0
       0
       6
       3
       2
       7
       5
       2
       2
       2
       2
       1
       3
       1
       0
       1
       3
       2
       5
       1
       0
       1
       4
       2
       3
       2
       1
       3
       3
       2
       2
       2
       4
       5
       3
       5
       3
       4
       1
       4
       0
       1
       2
       0
       1
       0
       1
       4
       0
       3
       1
       3
       0
       1
       1
       0
       0
       0
       0
       0
       1
       0
       1
       2
       0
       1
       2
       1
       1
       7
       3
       5
       3
       2
       2
       5
       2
       4
       2
       1
       0
       0
       1
       0
       0
       1
       0
       0
       1
       0
       0
       0
       0
       0
       0
       0
       1
       0
       0
       1
       3
      17
    1393
       0
       0
       0
       0
       0
       0
       0
       0
       0
       0
       0
       0
       0
       0
       0
       0
       0
       0
       0
       0
       0
       0
       0
       0
       0
       0
       0
       0
       0
       0
       0
       0
       0
       0
       0
       0
       0
       0
       0
       0
       0
       0
       0
       0
       0
       0
       0
       0
       0
       0
       0
       0
       0
       0
       0
       0
       0
       0
       0
       0
       0
       0
       0
       0
       0
       0
       0
       0
       0
       0
       0
       0
       0
       0
       0
       0
       0
       0
       0
       0
       0
       0
       0
       0
       0
       0
       0
       0
       0
       0
       0
       0
       0
       0
       0
       0
       0
       0
       0
       0
       0
       0
       0
       0
       0
       0
       0
       0
       0
       0
       0
       0
       0
       0
       0
       0
       0
       0
       0
       0
       0
       0
       0
       0
       0
       0
       0
       0
       0
       0
       0
       0
       0
       0
       0
       0
       0
       0
       0
       0
       0
       0
       0
       0
       0
       0
       0
       0
       0
       0
       0
       0
       0
       0
       0
       0
       0
       0
       0
       0
       0
       0
       0
       0
       0
       0
       0
       0
       0
       0
       0
       0
       0
       0
       0
       0
       0
       0
       0
       0
       0
       0
       0
       0
       0
       0
       0
       0
       0
       0
       0
       0
       0
       0
       0
       0
       0
       0
       0
       0
       0
       0
       0
       0
       0
       0
       0
       0
       0
       0
       0
       0
       0
       0
       0
       0
       0
       0
       0
       0
       0
       0
       0
       0
       0
       0
       0
       0
       0
       0
       0
       0
       0
       0
       0
       0
       0
       0
       0
       0
       0
       0
       0
       0
       0
       0
       0
       0
       0
       0
       0
       0
       0
       0
       0
       0
       0
       0
       0
       0
       0
       0
       0
       0
       0
       0
       0
       0
       0
$ROI:
0
$PRESETS:
None
0
0
$ENER_FIT:
0.000000 0.000000
$MCA_CAL:
3
0.000000E+000 0.000000E+000 0.000000E+000
$SHAPE_CAL:
3
0.000000E+000 0.000000E+000 0.000000E+000
