$SPEC_ID:
prueba
$SPEC_REM:
DET# 1
DETDESC# MULTICAN MCB 1
AP# Maestro Version 5.30
$DATE_MEA:
01/02/2000 08:01:42
$MEAS_TIM:
57692 57894
$DATA:
0 1023
       0
       0
       0
       0
      13
      96
     323
     813
    1375
    1733
    2032
    1752
    1088
     479
     184
      42
       9
       2
       0
       0
       0
       0
       0
       0
       0
       0
       0
       0
       0
       2
       1
       0
       1
       1
       3
       4
       1
       6
       4
       5
       8
       6
      11
      14
      12
      16
      18
      16
      22
      29
      24
      25
      36
      35
      51
      45
      44
      57
      64
      55
      74
      75
      66
      79
      66
      87
      77
      78
      73
      79
      67
      75
      86
      88
     106
     103
     108
     116
      96
      90
      92
      96
      93
      92
      90
      88
      99
     100
     100
      78
      86
      92
      70
      76
      76
      86
      92
      76
      76
      93
      85
      84
      95
      86
      85
      85
      93
      63
      98
      75
      78
      76
      63
      77
      72
      83
      69
      89
      60
      87
      64
      64
      82
      73
      57
      66
      75
      70
      77
      69
      75
      86
      76
      67
      77
      65
      71
      72
      81
      71
      61
      74
      77
      72
      67
      66
      77
      71
      70
      77
      83
      74
      79
      70
      61
      75
      64
      79
      59
      64
      55
      75
      77
      80
      79
      72
      77
      84
      72
      79
      70
      77
      67
      66
      66
      69
      82
      85
      88
      94
      87
     119
      89
      88
      74
      81
      76
      68
      69
      62
      82
      85
      65
      68
      69
      77
      73
      71
      79
      77
      85
      95
      77
     102
     143
     240
     342
     482
     658
     718
     790
     654
     570
     392
     313
     155
      94
      86
      72
      58
      61
      60
      72
      65
      58
      73
      90
     102
     107
     147
     168
     163
     159
     175
     140
     118
      95
      74
      65
      55
      50
      64
      52
      57
      58
      57
      47
      60
      62
      49
      62
      61
      58
      60
      46
      62
      59
      55
      60
      59
      71
      66
      50
      52
      53
      57
      53
      60
      57
      64
      64
      52
      59
      54
      42
      60
      57
      56
      60
      44
      52
      53
      63
      46
      63
      56
      67
      46
      62
      66
      59
      78
      77
      73
      91
      91
      79
      66
      67
      55
      49
      52
      46
      50
      34
      29
      45
      60
      54
      54
      51
      45
      39
      34
      33
      46
      43
      36
      41
      43
      53
      37
      37
      36
      31
      41
      33
      26
      34
      29
      45
      33
      30
      29
      28
      18
      17
      23
      18
      26
      21
      24
      19
      16
      12
      27
      28
      33
      36
      30
      48
      35
      31
      36
      29
      38
      26
      27
      43
      26
      42
      45
      38
      40
      54
      76
      62
      74
      91
     104
     100
     108
     106
      99
     106
     105
      99
      90
      77
      56
      52
      70
      59
      66
      76
      81
      97
      97
      87
      71
      54
      51
      36
      25
      11
      13
      19
      12
       2
      10
       6
      12
       8
      10
       9
      12
      10
      13
      18
      14
      11
      21
      12
      22
      17
      10
      14
      12
      16
      13
      19
      22
      23
      19
      11
      17
      20
      12
      14
      23
      23
      13
      22
      20
      28
      31
      28
      19
      38
      31
      39
      38
      33
      39
      51
      40
      45
      51
      49
      33
      42
      47
      44
      49
      59
      45
      48
      56
      54
      61
      59
      72
      77
     101
     102
      97
     111
     112
      99
     100
      79
      86
      72
      54
      66
      56
      55
      43
      35
      39
      27
      31
      26
      24
      32
      27
      39
      38
      52
      61
      51
      47
      50
      60
      45
      26
      30
      24
      16
      19
      14
       8
      18
      14
      15
      17
       9
      17
      11
      17
      21
      26
      30
      27
      29
      31
      33
      32
      43
      47
      39
      51
      49
      68
      95
     134
     200
     227
     330
     380
     430
     452
     444
     413
     354
     320
     236
     174
     118
      64
      50
      38
      31
      23
      32
      19
      22
      23
      20
      22
      19
      14
      11
      21
      17
      15
      13
      11
      14
      21
       9
      14
      11
      17
       8
      15
      14
      11
      21
      11
      21
      21
      26
      23
      18
      19
      19
      23
      19
      21
      20
      25
      17
      14
      31
      23
      32
      35
      31
      34
      49
      37
      68
      70
      91
      90
     108
      97
     103
      94
      94
      90
     107
     123
     141
     162
     206
     228
     291
     279
     302
     266
     246
     215
     171
     132
      95
      55
      31
      22
      22
       8
       9
       3
       7
       6
       7
       8
       8
       1
       4
       9
       5
       2
       9
       4
       7
       5
       4
       4
      10
       5
       6
       7
       5
       4
       5
       5
       4
       6
      10
       4
       8
       4
       4
       1
      11
      11
       7
      11
      12
       8
      10
      10
      13
       7
      13
      11
      16
      14
      12
      12
      12
      15
      15
      17
      13
      12
      21
      28
      14
      21
      27
      33
      50
      46
      54
      56
      51
      45
      37
      28
      22
      19
      20
      20
      11
      20
      21
      21
      15
      12
      18
      13
      10
       6
       6
       4
       6
       9
       5
       2
       5
       5
       5
       6
       8
      14
      13
      20
      30
      21
      37
      38
      31
      40
      49
      33
      26
      22
      17
      17
       7
       9
       3
       1
       5
       2
       2
       3
       5
       2
       3
       5
       7
       2
       5
       3
       6
       2
       9
      17
      70
   17667
      68
       0
       0
       0
       0
       0
       0
       0
       0
       0
       0
       0
       0
       0
       0
       0
       0
       0
       0
       0
       0
       0
       0
       0
       0
       0
       0
       0
       0
       0
       0
       0
       0
       0
       0
       0
       0
       0
       0
       0
       0
       0
       0
       0
       0
       0
       0
       0
       0
       0
       0
       0
       0
       0
       0
       0
       0
       0
       0
       0
       0
       0
       0
       0
       0
       0
       0
       0
       0
       0
       0
       0
       0
       0
       0
       0
       0
       0
       0
       0
       0
       0
       0
       0
       0
       0
       0
       0
       0
       0
       0
       0
       0
       0
       0
       0
       0
       0
       0
       0
       0
       0
       0
       0
       0
       0
       0
       0
       0
       0
       0
       0
       0
       0
       0
       0
       0
       0
       0
       0
       0
       0
       0
       0
       0
       0
       0
       0
       0
       0
       0
       0
       0
       0
       0
       0
       0
       0
       0
       0
       0
       0
       0
       0
       0
       0
       0
       0
       0
       0
       0
       0
       0
       0
       0
       0
       0
       0
       0
       0
       0
       0
       0
       0
       0
       0
       0
       0
       0
       0
       0
       0
       0
       0
       0
       0
       0
       0
       0
       0
       0
       0
       0
       0
       0
       0
       0
       0
       0
       0
       0
       0
       0
       0
       0
       0
       0
       0
       0
       0
       0
       0
       0
       0
       0
       0
       0
       0
       0
       0
       0
       0
       0
       0
       0
       0
       0
       0
       0
       0
       0
       0
       0
       0
       0
       0
       0
       0
       0
       0
       0
       0
       0
       0
       0
       0
       0
       0
       0
       0
       0
       0
       0
       0
       0
       0
       0
       0
       0
       0
       0
       0
       0
       0
       0
       0
       0
       0
       0
       0
       0
       0
       0
       0
       0
       0
       0
       2
       0
       0
$ROI:
0
$PRESETS:
None
0
0
$ENER_FIT:
0.000000 0.000000
$MCA_CAL:
3
0.000000E+000 0.000000E+000 0.000000E+000
$SHAPE_CAL:
3
0.000000E+000 0.000000E+000 0.000000E+000
