$SPEC_ID:
prueba
$SPEC_REM:
DET# 1
DETDESC# MULTICAN MCB 1
AP# Maestro Version 5.30
$DATE_MEA:
01/01/2000 23:34:33
$MEAS_TIM:
830 8233
$DATA:
0 1023
       0
       0
       0
       0
       0
      29
      15
       9
      15
      34
      26
      29
      20
       9
       4
       0
       0
       0
       0
       0
       0
       0
       0
       0
       0
       0
       0
       0
       0
       0
       0
       0
       0
       0
       0
       0
       0
       0
       0
       0
       0
       0
       1
       0
       0
       0
       0
       0
       2
       0
       2
       0
       0
       0
       0
       1
       1
       1
       0
       1
       2
       0
       3
       1
       1
       1
       4
       1
       1
       2
       4
       3
       1
       3
       2
       2
       1
       2
       0
       3
       1
       3
       2
       2
       1
       1
       5
       3
       1
       2
       4
       2
       2
       2
       2
       2
       3
       4
       4
       2
       1
       3
       4
       1
       1
       4
       0
       2
       1
       1
       1
       2
       6
       1
       2
       1
       0
       2
       1
       3
       0
       2
       1
       3
       1
       0
       2
       5
       0
       1
       2
       1
       0
       1
       3
       3
       5
       0
       1
       3
       1
       1
       3
       0
       1
       2
       3
       2
       2
       1
       3
       1
       0
       0
       1
       4
       3
       3
       2
       1
       2
       2
       2
       1
       3
       4
       4
       0
       3
       3
       2
       2
       1
       1
       3
       2
       0
       1
       1
       1
       2
       0
       3
       1
       3
       0
       1
       0
       1
       2
       1
       3
       1
       1
       3
       4
       4
       2
       0
       5
       4
       0
       0
       2
       2
       4
       7
       8
      10
      14
      20
      14
      13
      10
       6
       1
       2
       1
       4
       1
       3
       1
       3
       3
       0
       3
       4
       2
       2
       6
       2
       7
       4
       2
       4
       4
       0
       0
       0
       1
       2
       3
       2
       1
       0
       1
       1
       2
       2
       2
       2
       1
       1
       3
       1
       2
       1
       4
       2
       2
       1
       1
       0
       1
       3
       4
       1
       0
       1
       0
       3
       1
       3
       4
       1
       1
       2
       1
       4
       2
       0
       1
       0
       0
       2
       3
       5
       1
       1
       1
       5
       0
       1
       0
       2
       2
       1
       7
       1
       1
       4
       7
       5
       4
       7
       9
      18
      24
      34
      39
      64
      61
      78
      84
      68
      50
      55
      20
      12
      13
       4
       0
       5
       2
       0
       4
       1
       0
       3
       0
       3
       0
       0
       2
       4
       1
       0
       0
       2
       5
       1
       0
       1
       2
      10
       7
      13
      17
      11
      11
      13
       7
       7
       3
       0
       2
       1
       0
       0
       0
       2
       0
       2
       1
       2
       1
       1
       1
       4
       2
       2
       1
       1
       3
       3
       2
       3
       2
       1
       2
       1
       0
       2
       0
       2
       0
       6
       0
       0
       1
       2
       0
       1
       0
       1
       1
       0
       0
       0
       0
       0
       0
       0
       1
       0
       0
       0
       0
       0
       0
       0
       0
       0
       0
       1
       0
       1
       1
       0
       0
       0
       0
       0
       1
       0
       0
       1
       0
       0
       1
       1
       0
       0
       0
       0
       0
       0
       1
       1
       0
       0
       0
       0
       0
       1
       2
       0
       2
       1
       2
       1
       3
       0
       0
       0
       1
       1
       1
       2
       0
       1
       2
       1
       1
       2
       6
       1
       2
       5
       1
       0
       1
       0
       1
       1
       0
       0
       2
       1
       2
       0
       1
       2
       0
       1
       1
       0
       1
       0
       1
       2
       2
       0
       0
       0
       1
       0
       0
       0
       0
       0
       0
       0
       1
       0
       0
       0
       0
       0
       1
       0
       0
       0
       0
       0
       0
       0
       0
       0
       0
       0
       0
       0
       0
       0
       1
       0
       1
       1
       0
       1
       0
       0
       3
       0
       0
       0
       0
       0
       0
       1
       1
       0
       0
       1
       0
       1
       1
       0
       0
       1
       1
       2
       0
       1
       0
       1
       0
       0
       0
       0
       0
       0
       0
       1
       0
       0
       0
       0
       0
       0
       0
       0
       1
       0
       1
       1
       1
       0
       0
       0
       1
       0
       0
       1
       0
       0
       0
       2
       1
       0
       0
       0
       1
       0
       2
       1
       0
       1
       0
       1
       0
       0
       4
       4
       5
       2
       2
       5
       4
       8
       4
       5
       8
       1
       1
       1
       2
       0
       0
       1
       1
       0
       0
       0
       0
       0
       0
       0
       0
       0
       0
       0
       0
       0
       0
       1
       0
       0
       1
       0
       0
       0
       0
       0
       1
       0
       0
       0
       1
       0
       0
       0
       1
       0
       0
       0
       1
       0
       0
       2
       0
       0
       0
       0
       0
       0
       0
       1
       0
       0
       0
       0
       0
       1
       0
       0
       1
       1
       0
       0
       0
       0
       0
       1
       1
       1
       2
       3
       3
       4
       0
       1
       0
       0
       0
       0
       0
       0
       1
       0
       1
       0
       0
       1
       0
       0
       1
       0
       0
       0
       0
       0
       0
       0
       0
       0
       0
       0
       0
       1
       0
       0
       1
       1
       1
       3
       1
       0
       0
       0
       1
       0
       0
       0
       0
       0
       2
       0
       0
       0
       0
       0
       0
       0
       1
       0
       0
       0
       0
       0
       0
       1
     441
       3
       0
       0
       0
       0
       0
       0
       0
       0
       0
       0
       0
       0
       0
       0
       0
       0
       0
       0
       0
       0
       0
       0
       0
       0
       0
       0
       0
       0
       0
       0
       0
       0
       0
       0
       0
       0
       0
       0
       0
       0
       0
       0
       0
       0
       0
       0
       0
       0
       0
       0
       0
       0
       0
       0
       0
       0
       0
       0
       0
       0
       0
       0
       0
       0
       0
       0
       0
       0
       0
       0
       0
       0
       0
       0
       0
       0
       0
       0
       0
       0
       0
       0
       0
       0
       0
       0
       0
       0
       0
       0
       0
       0
       0
       0
       0
       0
       0
       0
       0
       0
       0
       0
       0
       0
       0
       0
       0
       0
       0
       0
       0
       0
       0
       0
       0
       0
       0
       0
       0
       0
       0
       0
       0
       0
       0
       0
       0
       0
       0
       0
       0
       0
       0
       0
       0
       0
       0
       0
       0
       0
       0
       0
       0
       0
       0
       0
       0
       0
       0
       0
       0
       0
       0
       0
       0
       0
       0
       0
       0
       0
       0
       0
       0
       0
       0
       0
       0
       0
       0
       0
       0
       0
       0
       0
       0
       0
       0
       0
       0
       0
       0
       0
       0
       0
       0
       0
       0
       0
       0
       0
       0
       0
       0
       0
       0
       0
       0
       0
       0
       0
       0
       0
       0
       0
       0
       0
       0
       0
       0
       0
       0
       0
       0
       0
       0
       0
       0
       0
       0
       0
       0
       0
       0
       0
       0
       0
       0
       0
       0
       0
       0
       0
       0
       0
       0
       0
       0
       0
       0
       0
       0
       0
       0
       0
       0
       0
       0
       0
       0
       0
       0
       0
       0
       0
       0
       0
       0
       0
       0
       0
       0
       0
       0
       0
       0
       0
       0
       0
       0
$ROI:
0
$PRESETS:
None
0
0
$ENER_FIT:
0.000000 0.000000
$MCA_CAL:
3
0.000000E+000 0.000000E+000 0.000000E+000
$SHAPE_CAL:
3
0.000000E+000 0.000000E+000 0.000000E+000
