$SPEC_ID:
prueba
$SPEC_REM:
DET# 1
DETDESC# MULTICAN MCB 1
AP# Maestro Version 5.30
$DATE_MEA:
01/06/2000 23:19:58
$MEAS_TIM:
3070 37981
$DATA:
0 1023
       1
       0
       0
       2
      15
     126
      83
      66
      74
      94
     117
     117
      79
      43
      12
       5
       2
       3
       0
       1
       3
       2
       2
       0
       1
       1
       1
       0
       0
       2
       1
       0
       2
       0
       1
       1
       1
       1
       2
       2
       1
       1
       0
       5
       6
       2
       1
       4
       0
       5
       7
       6
       9
       1
       7
       8
       3
      17
      11
      14
      10
       8
      11
       9
       7
      16
      14
      15
      19
      20
      22
      14
      16
      17
       8
      19
      14
      17
      16
      14
      18
      13
      15
      24
      19
      21
      25
      16
      24
      23
      29
      21
      36
      36
      58
      45
      64
      66
      72
      69
      75
      71
      66
      48
      55
      47
      54
      41
      48
      29
      43
      34
      26
      23
      18
      12
      20
      18
      12
      21
      15
      12
      11
      13
      21
      17
      16
      22
      17
      17
      20
      12
      18
      17
      19
      18
      20
      28
      23
      30
      20
      13
       9
      18
      11
      17
      11
       9
       9
      11
      15
      13
      12
       8
      14
      10
      15
      11
      11
      19
       9
      15
       6
       7
      10
      13
      17
      11
      18
      11
      13
      15
      15
      20
      11
      14
      19
       7
      12
      16
      13
      20
      14
      10
      12
       9
      12
      17
      12
      13
      10
      11
      14
      15
      11
      14
      17
      14
       8
      12
      19
      17
      13
      16
      21
      37
      36
      65
      81
      67
     106
      83
      76
      53
      33
      23
      12
      21
      14
      17
      11
      21
      12
      13
      11
      16
      21
      15
      20
      21
      15
      23
      26
      17
      23
      20
       9
      10
       6
       8
       7
       5
      11
       8
       9
      11
       9
       8
      12
       5
      18
       9
       9
       8
       9
      10
       6
       7
       6
      15
       9
      12
       9
       9
      15
       5
       4
      13
       8
       9
      18
      16
       5
      12
       7
      10
      13
       9
       9
       6
       8
       6
      10
      10
       9
       6
      11
      14
      10
       7
      16
      16
      16
      23
      19
      11
      15
      24
      18
      13
      10
       7
      11
      13
       9
      11
      11
       7
       7
       8
       6
       2
       6
      10
       4
       9
       8
       7
      10
      13
       4
       9
      15
      10
      17
      17
      28
      31
      42
      56
      50
      58
      60
      49
      36
      29
      22
      24
      10
      18
       7
      15
      15
      10
       8
       9
      11
       8
       9
      10
      11
      15
      17
      12
      10
       8
       6
      10
       7
      11
      11
      11
      10
      15
      18
      16
      16
      20
      19
      14
      17
      18
      15
      14
      21
      20
      30
      50
      62
      69
      99
     141
     198
     260
     356
     419
     535
     559
     574
     488
     383
     273
     161
     112
      73
      42
      26
      16
      10
      10
       9
       8
       6
       9
      10
       4
      12
       8
       6
       7
       8
       6
       4
       3
       1
       7
       6
       6
       3
       4
       8
       2
       8
       6
       8
       3
       4
       6
      11
       3
       6
       8
       4
       9
      11
      14
      13
      12
      16
      23
      15
      21
      17
      21
      15
      16
      15
      20
      15
      19
      15
      17
      15
      12
      11
       5
      12
      13
      23
      17
      17
      30
      53
      65
      68
      86
     110
     114
      99
     118
     117
     108
      88
      66
      57
      52
      37
      32
      27
      26
      23
      25
      36
      46
      61
      94
     153
     187
     226
     317
     328
     333
     309
     272
     236
     194
     123
      86
      83
      55
      39
      23
      20
      12
      11
       7
       4
       7
       4
       4
       4
       9
       4
       4
       8
       9
       4
       4
       3
       4
       4
       6
       5
       3
       5
       2
       4
       0
       2
       4
       2
       2
       2
       3
       2
       3
       2
       0
       4
       0
       5
       4
       5
       4
       3
       4
       4
       5
       2
       1
       2
       4
       9
       2
       4
       4
       6
       1
       4
       3
       2
       3
       4
       6
       4
      11
       7
      13
      16
      19
      24
      42
      48
      63
      38
      58
      45
      33
      39
      33
      20
       8
      12
      20
      12
      16
      11
      13
      15
      18
      15
      15
      18
      17
      11
      22
       9
       9
       8
       8
      11
       5
       9
      17
      10
      12
      19
      20
      27
      24
      28
      13
      31
      20
      14
      12
       7
       6
       8
       2
       1
       1
       1
       2
       2
       0
       0
       2
       1
       3
       0
       1
       2
       0
       4
       4
       2
       2
       2
       3
       2
       0
       4
       1
       1
       3
       1
       2
       2
       0
       3
       1
       2
       5
       2
       1
       0
       2
       2
       5
       5
       6
       6
       4
       1
       6
       2
       5
       7
       9
       5
       8
      14
      14
       7
      11
      11
       9
      10
      14
      14
       7
      22
      21
      24
      38
      45
      48
      69
      68
     104
     101
     113
     106
     126
     108
     109
      95
      88
      67
      58
      29
      16
       8
       9
       6
       5
       2
       4
       3
       2
       4
       0
       3
       0
       1
       1
       7
       5
       5
      16
      11
      16
      33
      16
      20
      26
      17
      17
      18
       6
       4
       1
       0
       1
       2
       1
       0
       0
       0
       0
       0
       0
       0
       1
       1
       2
       1
       0
       1
       0
       6
       6
     301
    1595
       0
       0
       0
       0
       0
       0
       0
       0
       0
       0
       0
       0
       0
       0
       0
       0
       0
       0
       0
       0
       0
       0
       0
       0
       0
       0
       0
       0
       0
       0
       0
       0
       0
       0
       0
       0
       0
       0
       0
       0
       0
       0
       0
       0
       0
       0
       0
       0
       0
       0
       0
       0
       0
       0
       0
       0
       0
       0
       0
       0
       0
       0
       0
       0
       0
       0
       0
       0
       0
       0
       0
       0
       0
       0
       0
       0
       0
       0
       0
       0
       0
       0
       0
       0
       0
       0
       0
       0
       0
       0
       0
       0
       0
       0
       0
       0
       0
       0
       0
       0
       0
       0
       0
       0
       0
       0
       0
       0
       0
       0
       0
       0
       0
       0
       0
       0
       0
       0
       0
       0
       0
       0
       0
       0
       0
       0
       0
       0
       0
       0
       0
       0
       0
       0
       0
       0
       0
       0
       0
       0
       0
       0
       0
       0
       0
       0
       0
       0
       0
       0
       0
       0
       0
       0
       0
       0
       0
       0
       0
       0
       0
       0
       0
       0
       0
       0
       0
       0
       0
       0
       0
       0
       0
       0
       0
       0
       0
       0
       0
       0
       0
       0
       0
       0
       0
       0
       0
       0
       0
       0
       0
       0
       0
       0
       0
       0
       0
       0
       0
       0
       0
       0
       0
       0
       0
       0
       0
       0
       0
       0
       0
       0
       0
       0
       0
       0
       0
       0
       0
       0
       0
       0
       0
       0
       0
       0
       0
       0
       0
       0
       0
       0
       0
       0
       0
       0
       0
       0
       0
       0
       0
       0
       0
       0
       0
       0
       0
       0
       0
       0
       0
       0
       0
       0
       0
       0
       0
       0
       0
       0
       0
       0
       0
       0
       0
       0
       0
       0
       0
$ROI:
0
$PRESETS:
None
0
0
$ENER_FIT:
0.000000 0.000000
$MCA_CAL:
3
0.000000E+000 0.000000E+000 0.000000E+000
$SHAPE_CAL:
3
0.000000E+000 0.000000E+000 0.000000E+000
