$SPEC_ID:
prueba
$SPEC_REM:
DET# 1
DETDESC# MULTICAN MCB 1
AP# Maestro Version 5.30
$DATE_MEA:
01/04/2000 08:40:01
$MEAS_TIM:
1554 11131
$DATA:
0 1023
       0
       0
       0
       0
       3
      40
      17
      24
      34
      48
      58
      49
      37
      23
       7
       4
       1
       0
       1
       1
       1
       0
       0
       0
       1
       0
       0
       0
       0
       0
       0
       0
       0
       0
       0
       0
       0
       1
       0
       0
       0
       0
       0
       0
       1
       0
       0
       0
       1
       1
       2
       0
       1
       1
       1
       2
       2
       1
       0
       0
       2
       0
       2
       0
       2
       0
       2
       1
       1
       1
       1
       0
       5
       3
       3
       1
       2
       4
       2
       1
       3
       2
       3
       2
       3
       5
       1
       2
       2
       2
       5
       3
       6
       2
       1
       1
       2
       1
       6
       4
       1
       3
       3
       3
       1
       5
       2
       2
       4
       5
       0
       3
       2
       4
       1
       0
       0
       1
       1
       1
       2
       1
       2
       2
       1
       4
       2
       0
       5
       0
       2
       2
       2
       0
       1
       0
       1
       0
       3
       2
       0
       2
       1
       0
       1
       0
       2
       2
       2
       2
       2
       2
       2
       2
       3
       1
       1
       2
       3
       2
       2
       0
       3
       2
       3
       1
       0
       2
       1
       3
       3
       2
       2
       4
       1
       1
       1
       1
       1
       3
       2
       1
       3
       4
       1
       4
       3
       6
       4
       3
       1
       1
       3
       1
       3
       0
       1
       2
       4
       5
       6
       1
       8
       5
      10
      11
      13
      16
      27
      30
      23
      30
      25
      18
       5
       8
       7
       3
       3
       2
       5
       3
       3
       4
       4
       2
       5
       3
      10
      15
      22
      39
      52
      91
      89
      98
      92
      60
      59
      35
      20
      18
       3
       4
       5
       6
       2
       6
       6
       4
       2
       3
       1
       3
       0
       3
       5
       3
       1
       1
       2
       3
       4
      14
      17
      26
      35
      63
      66
      76
      87
      84
      87
      65
      60
      36
      38
      42
      39
      25
      15
      14
      12
       6
       4
       3
       5
       2
       0
       3
       1
       0
       2
       1
       2
       4
       7
       2
       1
       3
       1
       3
       2
       2
       3
       1
       4
       2
       3
       3
       2
       5
       5
       9
      13
      11
       3
      14
       7
       4
       2
       6
       3
       5
       4
       4
       4
       0
       2
       3
       0
       0
       1
       1
       0
       2
       0
       3
       1
       0
       0
       0
       0
       0
       2
       0
       1
       0
       2
       1
       0
       0
       0
       0
       1
       1
       1
       1
       1
       0
       1
       1
       1
       1
       1
       0
       2
       0
       1
       1
       0
       0
       0
       0
       1
       1
       1
       1
       0
       0
       1
       0
       1
       1
       1
       2
       1
       2
       2
       1
       2
       1
       1
       0
       1
       0
       0
       0
       0
       0
       0
       0
       0
       0
       0
       0
       0
       0
       0
       0
       0
       2
       0
       0
       0
       0
       0
       1
       0
       0
       0
       0
       0
       0
       0
       0
       0
       0
       0
       0
       0
       0
       0
       0
       0
       0
       0
       0
       0
       0
       0
       0
       0
       1
       1
       0
       0
       0
       0
       0
       1
       0
       0
       0
       0
       0
       0
       0
       1
       0
       1
       0
       0
       1
       1
       0
       2
       0
       0
       0
       0
       1
       1
       1
       2
       1
       0
       3
       1
       0
       0
       0
       0
       1
       0
       0
       0
       0
       1
       1
       0
       2
       0
       1
       1
       1
       2
       0
       1
       0
       0
       0
       0
       1
       1
       0
       0
       0
       0
       1
       0
       0
       0
       0
       0
       0
       0
       0
       0
       0
       0
       0
       0
       0
       0
       0
       0
       0
       0
       0
       0
       0
       0
       0
       0
       0
       0
       0
       0
       0
       0
       0
       0
       0
       0
       0
       0
       0
       0
       1
       0
       0
       1
       0
       0
       0
       0
       0
       0
       1
       0
       0
       0
       0
       0
       0
       1
       0
       0
       0
       0
       1
       1
       0
       1
       0
       0
       0
       1
       0
       0
       0
       0
       0
       0
       0
       0
       0
       0
       0
       2
       1
       0
       2
       1
       0
       1
       0
       2
       1
       3
       0
       2
       1
       2
       1
       0
       5
       3
       5
       4
       1
       9
       4
       3
       2
       2
       1
       1
       0
       0
       0
       0
       0
       0
       0
       0
       0
       0
       0
       0
       0
       0
       0
       0
       0
       0
       0
       0
       0
       0
       1
       0
       0
       0
       1
       0
       0
       0
       0
       0
       0
       0
       0
       0
       0
       0
       0
       0
       0
       0
       0
       0
       0
       0
       0
       0
       0
       0
       0
       1
       0
       0
       1
       0
       0
       0
       0
       0
       0
       0
       0
       0
       0
       1
       0
       1
       2
       4
       2
       1
       0
       1
       0
       0
       2
       1
       0
       0
       0
       0
       0
       1
       0
       0
       0
       0
       0
       0
       0
       0
       0
       0
       0
       0
       0
       0
       0
       0
       0
       0
       2
       0
       0
       0
       0
       0
       0
       0
       0
       0
       0
       0
       0
       0
       0
       0
       0
       0
       0
       0
       0
       0
       0
       0
       0
       0
       0
       0
       0
       0
       0
       1
       9
     348
       0
       0
       0
       0
       0
       0
       0
       0
       0
       0
       0
       0
       0
       0
       0
       0
       0
       0
       0
       0
       0
       0
       0
       0
       0
       0
       0
       0
       0
       0
       0
       0
       0
       0
       0
       0
       0
       0
       0
       0
       0
       0
       0
       0
       0
       0
       0
       0
       0
       0
       0
       0
       0
       0
       0
       0
       0
       0
       0
       0
       0
       0
       0
       0
       0
       0
       0
       0
       0
       0
       0
       0
       0
       0
       0
       0
       0
       0
       0
       0
       0
       0
       0
       0
       0
       0
       0
       0
       0
       0
       0
       0
       0
       0
       0
       0
       0
       0
       0
       0
       0
       0
       0
       0
       0
       0
       0
       0
       0
       0
       0
       0
       0
       0
       0
       0
       0
       0
       0
       0
       0
       0
       0
       0
       0
       0
       0
       0
       0
       0
       0
       0
       0
       0
       0
       0
       0
       0
       0
       0
       0
       0
       0
       0
       0
       0
       0
       0
       0
       0
       0
       0
       0
       0
       0
       0
       0
       0
       0
       0
       0
       0
       0
       0
       0
       0
       0
       0
       0
       0
       0
       0
       0
       0
       0
       0
       0
       0
       0
       0
       0
       0
       0
       0
       0
       0
       0
       0
       0
       0
       0
       0
       0
       0
       0
       0
       0
       0
       0
       0
       0
       0
       0
       0
       0
       0
       0
       0
       0
       0
       0
       0
       0
       0
       0
       0
       0
       0
       0
       0
       0
       0
       0
       0
       0
       0
       0
       0
       0
       0
       0
       0
       0
       0
       0
       0
       0
       0
       0
       0
       0
       0
       0
       0
       0
       0
       0
       0
       0
       0
       0
       0
       0
       0
       0
       0
       0
       0
       0
       0
       0
       0
       0
       0
       0
       0
       0
       0
       0
$ROI:
0
$PRESETS:
None
0
0
$ENER_FIT:
0.000000 0.000000
$MCA_CAL:
3
0.000000E+000 0.000000E+000 0.000000E+000
$SHAPE_CAL:
3
0.000000E+000 0.000000E+000 0.000000E+000
