$SPEC_ID:
prueba
$SPEC_REM:
DET# 1
DETDESC# MULTICAN MCB 1
AP# Maestro Version 5.30
$DATE_MEA:
01/01/2000 07:57:50
$MEAS_TIM:
6340 56051
$DATA:
0 1023
       0
       0
       1
       1
      10
     161
     115
     107
     164
     205
     271
     211
     167
      94
      46
      13
       6
       1
       0
       2
       0
       0
       0
       0
       0
       0
       0
       0
       0
       0
       0
       1
       0
       1
       0
       0
       0
       0
       0
       1
       2
       2
       2
       4
       2
       1
       3
       5
       3
       5
       9
       5
       9
       8
       5
       8
       5
       8
       9
      10
      13
      13
      13
      11
      14
      15
      16
      12
      19
      13
      12
      13
      15
      21
      11
      13
      17
      12
      12
      17
      17
      17
      24
      14
      26
      12
      11
      16
      11
       6
      33
      16
      22
      18
      11
      14
      21
      14
      17
      10
      12
      13
      14
      18
      17
      17
      21
      11
       8
      13
      16
      17
      11
      20
      14
      13
      15
      17
      13
      15
      10
      14
      11
      14
      16
      13
      13
      11
      14
       7
      12
      16
      10
      14
       6
      15
      13
      13
      13
      13
      14
      17
       8
       8
      14
      15
       9
       9
       7
      12
      13
       9
      19
      13
      16
       8
      12
      13
       7
      10
      11
      18
       7
      13
      13
      10
      13
      14
      22
      22
      18
      17
       8
       8
      14
      16
      13
      11
      24
       5
      12
      18
       9
      13
      15
      18
      17
      13
      10
      10
      12
      11
      15
      12
       9
      17
      11
      17
      15
      23
      18
      14
      19
      24
      24
      35
      56
      67
      96
     118
     105
     113
      88
      81
      48
      31
      13
      20
      17
      11
      11
      17
      15
      16
      27
      15
      27
      19
      17
      21
      29
      39
      45
      35
      31
      48
      83
     142
     233
     306
     406
     483
     514
     455
     375
     239
     188
      93
      55
      36
      26
       8
      13
      17
      10
       8
       6
      25
      13
      15
      23
       9
      18
      31
      39
      62
      63
      72
      70
      71
      61
      49
      26
      20
      16
      11
      13
       8
       9
      10
      12
       6
      12
      12
       6
       3
      10
      16
      12
      10
      10
      10
      10
      11
      10
       9
       8
      12
       7
       7
      10
      11
       9
       8
      14
       9
       6
       8
      10
       8
       7
       8
      10
      10
      11
       8
       5
       4
      14
      10
       4
       4
      10
       2
       5
       6
       5
       5
       4
       5
       4
       6
       4
       0
       3
       4
       3
       6
       3
       4
       4
       4
       4
       3
       4
       2
       7
       2
       1
       4
       3
       4
       9
       5
       2
       6
       2
       2
       5
       1
       9
       8
       6
       6
      10
      12
      12
      13
      15
      13
      19
      14
      16
      19
      17
       9
      11
      10
      14
       7
      16
      11
       9
       6
      12
       7
      14
      12
      11
       7
       9
       4
       6
       3
       3
       0
       1
       3
       1
       1
       0
       1
       1
       4
       0
       1
       1
       3
       1
       3
       2
       2
       0
       1
       0
       1
       4
       1
       0
       8
       1
       3
       4
       6
       1
       3
       1
       2
       3
       2
       3
       4
       4
       4
       3
       4
       5
       4
       4
       2
       3
       8
       8
       5
      10
       8
       3
       5
       7
       9
      16
       9
       6
       6
      15
      14
       6
      10
       8
       8
      13
      11
      15
      14
       8
      11
      14
       7
      15
      17
      11
       6
      20
      13
       7
      11
       5
       5
       8
       3
       1
       3
       6
       8
       4
       1
       4
       8
       4
       3
       6
       8
       6
       6
       2
       6
       6
       2
       0
       2
       1
       0
       1
       2
       2
       0
       2
       1
       0
       0
       2
       0
       0
       2
       1
       1
       0
       2
       3
       1
       0
       1
       1
       1
       0
       3
       3
       1
       2
       1
       3
       5
       4
       2
       3
       2
       4
       2
       3
       3
       1
       7
       2
       5
       7
       1
       5
       3
       3
       2
       0
       6
       3
       1
       1
       4
       2
       2
       1
       2
       1
       0
       0
       2
       3
       2
       4
       1
       1
       4
       6
       6
       0
       3
       4
       1
       4
       4
       3
       2
       0
       3
       0
       3
       3
       4
       3
       7
       4
       4
       5
       1
       7
       4
       6
       3
       7
       2
       3
       7
       7
       5
       5
       6
      28
      25
      33
      36
      26
      41
      54
      45
      40
      43
      41
      16
      17
       9
       6
       4
       7
       3
       2
       1
       0
       2
       0
       0
       2
       1
       0
       0
       0
       0
       0
       1
       0
       1
       1
       1
       0
       2
       2
       0
       0
       1
       2
       1
       0
       0
       1
       1
       0
       1
       1
       0
       3
       0
       5
       0
       4
       2
       3
       0
       0
       4
       5
       1
       2
       3
       4
       6
       2
       1
       2
       0
       4
       2
       4
       2
       5
       6
       6
       6
       9
       8
       9
       8
       5
       5
      12
       4
       6
       2
       5
       5
       4
       1
       1
       4
       3
       4
       1
       0
       1
       1
       3
       1
       2
       3
       1
       0
       1
       2
       1
       1
       0
       1
       2
       3
       4
       5
       9
      10
      20
      16
       5
       8
       8
       4
       3
       2
       1
       0
       1
       0
       0
       1
       1
       0
       0
       1
       0
       0
       1
       1
       2
       0
       0
       0
       0
       0
      11
    3191
       0
       0
       0
       0
       0
       0
       0
       0
       0
       0
       0
       0
       0
       0
       0
       0
       0
       0
       0
       0
       0
       0
       0
       0
       0
       0
       0
       0
       0
       0
       0
       0
       0
       0
       0
       0
       0
       0
       0
       0
       0
       0
       0
       0
       0
       0
       0
       0
       0
       0
       0
       0
       0
       0
       0
       0
       0
       0
       0
       0
       0
       0
       0
       0
       0
       0
       0
       0
       0
       0
       0
       0
       0
       0
       0
       0
       0
       0
       0
       0
       0
       0
       0
       0
       0
       0
       0
       0
       0
       0
       0
       0
       0
       0
       0
       0
       0
       0
       0
       0
       0
       0
       0
       0
       0
       0
       0
       0
       0
       0
       0
       0
       0
       0
       0
       0
       0
       0
       0
       0
       0
       0
       0
       0
       0
       0
       0
       0
       0
       0
       0
       0
       0
       0
       0
       0
       0
       0
       0
       0
       0
       0
       0
       0
       0
       0
       0
       0
       0
       0
       0
       0
       0
       0
       0
       0
       0
       0
       0
       0
       0
       0
       0
       0
       0
       0
       0
       0
       0
       0
       0
       0
       0
       0
       0
       0
       0
       0
       0
       0
       0
       0
       0
       0
       0
       0
       0
       0
       0
       0
       0
       0
       0
       0
       0
       0
       0
       0
       0
       0
       0
       0
       0
       0
       0
       0
       0
       0
       0
       0
       0
       0
       0
       0
       0
       0
       0
       0
       0
       0
       0
       0
       0
       0
       0
       0
       0
       0
       0
       0
       0
       0
       0
       0
       0
       0
       0
       0
       0
       0
       0
       0
       0
       0
       0
       0
       0
       0
       0
       0
       0
       0
       0
       0
       0
       0
       0
       0
       0
       0
       0
       0
       0
       0
       0
       0
       0
       0
       0
       0
$ROI:
0
$PRESETS:
None
0
0
$ENER_FIT:
0.000000 0.000000
$MCA_CAL:
3
0.000000E+000 0.000000E+000 0.000000E+000
$SHAPE_CAL:
3
0.000000E+000 0.000000E+000 0.000000E+000
