$SPEC_ID:
prueba
$SPEC_REM:
DET# 1
DETDESC# MULTICAN MCB 1
AP# Maestro Version 5.30
$DATE_MEA:
01/02/2000 01:52:59
$MEAS_TIM:
11401 11597
$DATA:
0 1023
       0
       0
       0
       0
       1
      14
      70
     142
     271
     341
     419
     352
     217
      89
      32
       6
       2
       2
       0
       0
       0
       0
       0
       0
       0
       0
       0
       0
       1
       0
       0
       0
       1
       1
       1
       0
       1
       0
       1
       0
       3
       3
       2
       2
       7
       8
       7
      10
       3
       9
       9
       8
      10
      10
      11
      12
      19
      20
      17
      28
      18
      16
      25
      23
      35
      18
      24
      20
      16
      24
      26
      32
      35
      22
      28
      27
      24
      19
      29
      23
      26
      25
      24
      17
      26
      24
      26
      19
      25
      23
      24
      35
      28
      30
      30
      24
      28
      34
      35
      29
      16
      28
      22
      26
      23
      30
      24
      30
      27
      32
      20
      23
      22
      18
      21
      23
      21
      27
      13
      14
      19
      21
      33
      26
      34
      18
      22
      26
      25
      23
      17
      24
      32
      25
      20
      12
      23
      21
      25
      18
      28
      19
      26
      22
      20
      17
      20
      27
      24
      21
      23
      26
      22
      11
      12
      30
      23
      12
      22
      22
      17
      10
      13
      18
      25
      20
      16
      17
      29
      22
      22
      17
      16
      18
      14
      24
      24
      24
      31
      33
      25
      27
      24
      17
      33
      29
      22
      17
      17
      12
      26
      23
      18
      21
      20
      23
      20
      20
      16
      24
      28
      19
      18
      22
      40
      64
      91
     118
     176
     208
     178
     173
     145
     121
      72
      46
      38
      26
      25
      25
      14
      17
      19
      26
      23
      30
      30
      19
      39
      47
      44
      52
      45
      35
      36
      24
      23
      21
      17
      17
      18
      20
      13
      22
      13
      21
      19
      14
      23
      11
      25
      14
      18
      24
      25
      22
      30
      25
      22
      23
      20
      26
      20
      15
      21
      21
      24
      23
      18
      18
      21
      17
      15
      13
      19
      19
      16
      20
      21
      22
      19
      17
      21
      19
      20
      15
      12
      11
      17
      16
      29
      17
      29
      22
      23
      11
      15
      12
      17
      21
      12
      22
      17
      22
      15
      10
      13
      15
      13
      10
      17
      17
      16
      11
      14
      11
      17
      12
      10
      15
      13
      12
      11
      12
      11
      10
       9
       6
       9
      11
      16
       7
       9
      13
      12
       5
       3
      12
       8
       7
      12
       9
      11
       4
       8
       5
      11
      11
       9
       8
       2
       9
       8
       4
       9
       8
      11
      10
      11
      14
      11
      10
      16
      17
      13
      23
      25
      17
      21
      25
      24
      18
      29
      27
      36
      19
      21
      15
      17
      13
      19
      19
      24
      24
      29
      28
      33
      30
      27
      25
      13
      11
      14
       7
       3
       9
       2
       5
       6
       4
       4
       3
       4
       6
       4
       4
       4
       8
       3
       5
       5
       5
       9
       4
       8
       8
      12
      10
      19
      11
      13
      13
      12
      25
      28
      23
      18
      36
      40
      44
      97
     105
     127
     170
     199
     227
     269
     242
     227
     181
     132
      80
      57
      35
      31
      22
      22
       8
      12
      21
      16
       7
      11
      10
      17
      11
      14
      19
      14
      10
      17
      22
      22
      21
      33
      22
      30
      25
      28
      29
      21
      27
      24
      14
      22
      18
      12
      10
      11
      11
      13
      12
      22
      13
      28
      29
      38
      47
      35
      39
      41
      29
      38
      32
      25
      21
      13
      15
      12
       5
       6
       4
       1
       1
       1
       1
       0
       0
       2
       2
       1
       0
       0
       0
       2
       2
       2
       2
       5
       2
       4
       5
       2
       1
       0
       1
       3
       2
       7
       2
       3
       4
       3
       4
       4
       2
       3
       2
       3
       9
       4
       2
       5
      11
       4
       3
       5
       2
       4
       6
       4
       4
       5
       7
       5
       4
       2
       8
       8
       0
       2
       3
       6
       1
       6
       5
       6
       1
       7
       4
       1
       5
       4
       5
       3
       6
       8
       7
       4
       5
       6
       2
       3
       8
       5
       4
       3
       3
       4
      12
       9
       9
       7
      10
       9
      14
       7
       2
       8
      11
      13
      19
      27
      32
      45
      56
      59
      72
      74
      72
      81
      80
      81
      64
      45
      30
      23
      22
      10
       3
       5
       1
       5
       0
       3
       2
       0
       1
       2
       3
       0
       3
       1
       1
       3
       0
       0
       2
       0
       1
       3
       3
       3
       2
       4
       0
       0
       2
       2
       2
       3
       0
       1
       3
       3
       3
       0
       0
       0
       2
       5
       0
       1
       3
       4
       3
       4
       4
       6
       4
       2
       2
       6
       3
       3
       3
       3
       4
       5
       3
      15
       6
      10
       7
      12
      18
      12
      21
      16
      15
      12
      15
      11
       5
       4
       8
       4
       9
       3
       2
       8
       1
       4
       3
       5
       4
       1
       1
       3
       1
       0
       2
       2
       0
       0
       0
       5
       4
       4
       7
       6
      13
      18
      24
      32
      15
      22
      16
      13
      10
      12
       4
       2
       2
       2
       2
       0
       2
       1
       0
       0
       0
       0
       3
       1
       0
       0
       0
       0
       5
       2
       5
      25
    5730
       4
       0
       0
       0
       0
       0
       0
       0
       0
       0
       0
       0
       0
       0
       0
       0
       0
       0
       0
       0
       0
       0
       0
       0
       0
       0
       0
       0
       0
       0
       0
       0
       0
       0
       0
       0
       0
       0
       0
       0
       0
       0
       0
       0
       0
       0
       0
       0
       0
       0
       0
       0
       0
       0
       0
       0
       0
       0
       0
       0
       0
       0
       0
       0
       0
       0
       0
       0
       0
       0
       0
       0
       0
       0
       0
       0
       0
       0
       0
       0
       0
       0
       0
       0
       0
       0
       0
       0
       0
       0
       0
       0
       0
       0
       0
       0
       0
       0
       0
       0
       0
       0
       0
       0
       0
       0
       0
       0
       0
       0
       0
       0
       0
       0
       0
       0
       0
       0
       0
       0
       0
       0
       0
       0
       0
       0
       0
       0
       0
       0
       0
       0
       0
       0
       0
       0
       0
       0
       0
       0
       0
       0
       0
       0
       0
       0
       0
       0
       0
       0
       0
       0
       0
       0
       0
       0
       0
       0
       0
       0
       0
       0
       0
       0
       0
       0
       0
       0
       0
       0
       0
       0
       0
       0
       0
       0
       0
       0
       0
       0
       0
       0
       0
       0
       0
       0
       0
       0
       0
       0
       0
       0
       0
       0
       0
       0
       0
       0
       0
       0
       0
       0
       0
       0
       0
       0
       0
       0
       0
       0
       0
       0
       0
       0
       0
       0
       0
       0
       0
       0
       0
       0
       0
       0
       0
       0
       0
       0
       0
       0
       0
       0
       0
       0
       0
       0
       0
       0
       0
       0
       0
       0
       0
       0
       0
       0
       0
       0
       0
       0
       0
       0
       0
       0
       0
       0
       0
       0
       0
       0
       0
       0
       0
       0
       0
       0
       0
       0
       0
       0
$ROI:
0
$PRESETS:
None
0
0
$ENER_FIT:
0.000000 0.000000
$MCA_CAL:
3
0.000000E+000 0.000000E+000 0.000000E+000
$SHAPE_CAL:
3
0.000000E+000 0.000000E+000 0.000000E+000
