$SPEC_ID:
Cs137-Cu
$SPEC_REM:
DET# 1
DETDESC# MCB 1
AP# Maestro Version 5.30
$DATE_MEA:
01/01/2000 01:28:40
$MEAS_TIM:
3735 4700
$DATA:
0 1023
       0
       0
       0
       0
   15732
   38041
   13671
    7128
    4127
    3062
    2553
    2350
    2112
    2063
    1834
    1662
    1610
    1693
    1684
    1707
    1773
    1774
    1843
    2041
    2131
    2340
    2690
    2935
    3289
    3935
    4484
    5152
    5723
    6485
    7076
    7279
    7771
    7930
    8135
    7984
    7845
    7402
    6970
    6342
    5859
    5345
    4667
    4400
    4033
    3609
    3505
    3147
    3032
    2888
    2884
    2807
    2746
    2749
    2783
    2838
    2800
    2934
    2915
    3036
    3034
    3012
    3314
    3179
    3309
    3411
    3382
    3363
    3579
    3649
    3819
    3819
    3797
    3966
    3987
    3895
    4057
    4130
    4157
    4287
    4325
    4232
    4306
    4479
    4503
    4475
    4364
    4528
    4427
    4536
    4669
    4598
    4637
    4597
    4502
    4685
    4774
    4677
    4702
    4786
    4757
    4669
    4786
    4748
    4719
    4712
    4869
    4774
    4778
    4652
    4946
    4849
    4835
    4699
    4779
    4861
    4655
    4766
    4813
    4658
    4811
    4747
    4775
    4795
    4744
    4859
    4709
    4668
    4749
    4812
    4722
    4685
    4771
    4802
    4863
    4684
    4718
    4647
    4628
    4656
    4659
    4663
    4616
    4587
    4649
    4634
    4622
    4719
    4503
    4612
    4682
    4680
    4601
    4401
    4319
    4501
    4521
    4501
    4481
    4515
    4547
    4497
    4398
    4436
    4553
    4353
    4428
    4463
    4567
    4355
    4595
    4504
    4365
    4664
    4557
    4549
    4525
    4659
    4690
    4692
    4645
    4755
    4711
    4628
    4768
    4867
    4929
    4886
    4914
    4940
    5046
    4961
    5008
    4973
    5139
    5157
    5101
    5085
    5195
    5225
    5124
    5158
    5120
    5201
    5127
    5152
    5100
    5083
    5188
    5121
    4861
    5061
    4942
    4947
    4904
    4830
    4763
    4569
    4679
    4647
    4598
    4452
    4461
    4406
    4437
    4411
    4317
    4175
    4311
    4153
    4063
    4222
    4148
    3843
    3949
    3873
    3809
    3787
    3823
    3717
    3667
    3675
    3586
    3479
    3426
    3465
    3419
    3324
    3344
    3467
    3347
    3312
    3232
    3174
    3118
    3073
    3178
    3113
    3046
    2961
    2989
    3021
    2963
    2836
    2862
    2909
    2883
    2781
    2877
    2811
    2696
    2670
    2739
    2693
    2678
    2708
    2632
    2597
    2606
    2563
    2527
    2618
    2498
    2485
    2504
    2484
    2456
    2491
    2477
    2477
    2443
    2396
    2483
    2420
    2433
    2367
    2341
    2326
    2313
    2300
    2368
    2366
    2278
    2216
    2284
    2271
    2198
    2127
    2243
    2170
    2128
    2207
    2101
    2148
    2075
    2123
    2093
    2163
    2097
    2048
    2118
    2015
    2014
    2046
    2084
    2016
    2034
    2115
    2089
    2044
    2035
    2043
    2017
    2077
    1937
    1980
    1993
    2011
    1919
    1935
    2018
    1998
    1894
    1937
    1967
    1905
    1950
    1888
    1939
    1821
    1879
    1865
    1864
    1888
    1857
    1849
    1821
    1854
    1931
    1863
    1768
    1895
    1838
    1806
    1842
    1841
    1775
    1795
    1714
    1754
    1742
    1762
    1789
    1803
    1787
    1770
    1772
    1764
    1795
    1715
    1720
    1815
    1732
    1697
    1807
    1675
    1723
    1664
    1650
    1725
    1689
    1694
    1709
    1702
    1712
    1735
    1765
    1714
    1684
    1787
    1750
    1782
    1731
    1689
    1729
    1665
    1718
    1700
    1648
    1756
    1642
    1762
    1713
    1684
    1703
    1594
    1678
    1690
    1708
    1608
    1689
    1653
    1636
    1634
    1615
    1606
    1651
    1707
    1589
    1663
    1612
    1618
    1634
    1656
    1594
    1578
    1567
    1601
    1625
    1570
    1536
    1476
    1558
    1538
    1595
    1459
    1541
    1495
    1485
    1506
    1479
    1424
    1489
    1439
    1446
    1445
    1400
    1319
    1344
    1347
    1389
    1317
    1423
    1314
    1292
    1214
    1204
    1254
    1246
    1138
    1189
    1163
    1181
    1194
    1149
    1076
    1073
    1028
    1058
    1054
     998
    1003
     982
     976
     959
     967
     925
     920
     931
     868
     904
     898
     843
     768
     824
     808
     821
     790
     786
     757
     745
     728
     759
     701
     694
     693
     713
     720
     677
     651
     618
     621
     673
     632
     592
     599
     587
     607
     611
     602
     557
     564
     575
     514
     554
     554
     515
     515
     521
     530
     553
     496
     513
     520
     506
     520
     450
     460
     501
     494
     474
     509
     508
     484
     508
     457
     471
     464
     502
     445
     442
     504
     504
     470
     447
     475
     471
     485
     494
     454
     475
     479
     442
     469
     454
     466
     478
     498
     512
     491
     464
     504
     490
     508
     455
     525
     536
     551
     587
     589
     542
     585
     589
     577
     582
     683
     651
     662
     626
     714
     705
     736
     750
     712
     718
     846
     823
     913
     872
     920
    1066
    1003
    1080
    1093
    1104
    1189
    1283
    1308
    1306
    1373
    1432
    1505
    1547
    1592
    1780
    1704
    1884
    1925
    2034
    2169
    2153
    2217
    2255
    2336
    2516
    2567
    2638
    2786
    2914
    2949
    3109
    3176
    3320
    3339
    3539
    3600
    3753
    3669
    3825
    3881
    3945
    4102
    4203
    4246
    4328
    4397
    4636
    4589
    4793
    4842
    4983
    4958
    5070
    5041
    5163
    5239
    5297
    5273
    5249
    5359
    5374
    5388
    5451
    5433
    5420
    5464
    5242
    5280
    5350
    5273
    5330
    5222
    5282
    5302
    5195
    4993
    5175
    5122
    4894
    4880
    4818
    4714
    4457
    4663
    4466
    4389
    4215
    4093
    4059
    3944
    3877
    3765
    3720
    3660
    3612
    3354
    3357
    3111
    3030
    3106
    2802
    2773
    2732
    2547
    2523
    2383
    2383
    2233
    2129
    2059
    2057
    1887
    1801
    1781
    1680
    1578
    1499
    1430
    1431
    1328
    1227
    1164
    1113
    1075
    1068
     998
     897
     840
     861
     740
     827
     703
     713
     603
     595
     592
     578
     536
     511
     467
     451
     482
     429
     423
     397
     351
     343
     310
     316
     289
     300
     264
     256
     286
     243
     234
     254
     235
     229
     215
     210
     178
     184
     208
     189
     177
     183
     189
     165
     153
     153
     160
     157
     146
     133
     150
     144
     151
     132
     132
     128
     136
     138
     115
     125
     135
     111
     110
     124
     130
     108
     110
     101
      86
      95
     106
     108
      92
      97
     107
     105
      82
     108
     113
      78
      85
     110
      90
      91
      72
      78
      93
      75
     104
      80
      75
      81
      94
      63
      78
     101
      90
      85
      85
      63
      72
      90
      75
      82
      86
      69
      85
      77
      86
      85
      81
      85
      71
      67
      65
      71
      63
      96
      74
      90
      86
      72
      95
      85
      80
      74
      79
      84
      67
      75
      85
      77
      81
      79
      84
      66
      71
      78
      83
      72
      53
      74
      88
      73
      65
      64
      90
      66
      68
      73
      57
      68
      68
      69
      81
      67
      84
      56
      80
      76
      67
      72
      69
      82
      61
      65
      83
      72
      61
      75
      72
      72
      76
      84
      72
      70
      82
      79
      63
      61
      80
      79
      78
      80
      80
      75
      70
      77
      72
      60
      66
      76
      68
      61
      68
      74
      56
      80
      65
      74
      80
      61
      68
      64
      80
      61
      61
      74
      82
      72
      63
      51
      71
      71
      88
      76
      63
      61
      75
      61
      63
      76
      64
      57
      56
      64
      58
      68
      67
      72
      57
      56
      58
      60
      66
      56
      58
      54
      73
      78
      62
      71
      55
      48
      48
      53
      57
      61
      60
      54
      78
      49
      66
      60
      63
      53
      65
      52
      72
      56
      55
      49
      48
      62
      57
      59
      51
      60
      48
      51
      61
    1151
    1288
    1338
    1267
    1334
    1346
    1318
    1318
    1275
    1334
    1297
    1275
    1237
    1226
    1261
    1212
    1220
    1308
    1248
    1294
    1278
    1204
    1263
    1056
$ROI:
0
$PRESETS:
Real Time
4700
0
$ENER_FIT:
0.000000 0.000000
$MCA_CAL:
3
0.000000E+000 0.000000E+000 0.000000E+000
$SHAPE_CAL:
3
0.000000E+000 0.000000E+000 0.000000E+000
