$SPEC_ID:
Cs137-Pb
$SPEC_REM:
DET# 1
DETDESC# MCB 1
AP# Maestro Version 5.30
$DATE_MEA:
01/01/2000 00:04:32
$MEAS_TIM:
3772 4700
$DATA:
0 1023
       0
       0
       0
       0
   24633
   48879
   18425
    9532
    5691
    4023
    3041
    2475
    2328
    2126
    1944
    1907
    1710
    1693
    1774
    1784
    1843
    1802
    1842
    1963
    2053
    2156
    2471
    2748
    3153
    3719
    4159
    4841
    5443
    6290
    6702
    7461
    7962
    8236
    8648
    8640
    8572
    8340
    8044
    7595
    7256
    6560
    5986
    5585
    4987
    4364
    4169
    3850
    3590
    3148
    3086
    2996
    3005
    2841
    2798
    2833
    2802
    2777
    2864
    2844
    2719
    3073
    3096
    3179
    3147
    3181
    3252
    3387
    3589
    3740
    3704
    3883
    3997
    4007
    4171
    4298
    4401
    4496
    4566
    4544
    4660
    4781
    4837
    4866
    4772
    4832
    5097
    4864
    4889
    4857
    4817
    4962
    4778
    4776
    4699
    4606
    4591
    4608
    4614
    4560
    4529
    4557
    4325
    4318
    4287
    4223
    4280
    4235
    4192
    4265
    4182
    4151
    4184
    4037
    4040
    4081
    4069
    3996
    4034
    4082
    3991
    3901
    4053
    4084
    4157
    3953
    4093
    4020
    4058
    4041
    4008
    4023
    3993
    3936
    3975
    4035
    3886
    4047
    3989
    3919
    4049
    3959
    4004
    3798
    3923
    3873
    3943
    3816
    3897
    3886
    3934
    3827
    3877
    3990
    3821
    3747
    3776
    3762
    3722
    3843
    3675
    3754
    3832
    3758
    3771
    3762
    3708
    3658
    3795
    3788
    3805
    3669
    3715
    3725
    3817
    3671
    3680
    3801
    3694
    3766
    3695
    3743
    3789
    3672
    3801
    3700
    3773
    3893
    3705
    3877
    3860
    3781
    3944
    3898
    3939
    3809
    4036
    3929
    3911
    3899
    4000
    3906
    4133
    3916
    3968
    4044
    4005
    4010
    3995
    4027
    4078
    4136
    4122
    4049
    3966
    3919
    4124
    4131
    3960
    3975
    3876
    3972
    3820
    3966
    3967
    3824
    3741
    3867
    3746
    3795
    3800
    3802
    3788
    3714
    3770
    3661
    3606
    3600
    3651
    3520
    3570
    3506
    3497
    3549
    3571
    3432
    3442
    3445
    3394
    3347
    3279
    3379
    3290
    3229
    3276
    3248
    3293
    3084
    3177
    3244
    3168
    3105
    3070
    3019
    3125
    2998
    3023
    3069
    3016
    2967
    3063
    3044
    3013
    2909
    2936
    2961
    2857
    2793
    2905
    2839
    2814
    2847
    2730
    2746
    2798
    2797
    2768
    2752
    2668
    2759
    2762
    2657
    2616
    2744
    2664
    2595
    2622
    2620
    2611
    2616
    2639
    2611
    2500
    2516
    2564
    2465
    2579
    2642
    2504
    2507
    2482
    2435
    2452
    2394
    2420
    2455
    2450
    2496
    2445
    2400
    2455
    2420
    2299
    2341
    2386
    2402
    2348
    2392
    2360
    2342
    2248
    2300
    2256
    2170
    2261
    2328
    2194
    2155
    2178
    2223
    2213
    2223
    2147
    2151
    2215
    2202
    2162
    2144
    2190
    2185
    2038
    2253
    2182
    2151
    2090
    2081
    2015
    2038
    2128
    2104
    2027
    2036
    2078
    2017
    1945
    1972
    2038
    1947
    1978
    2003
    2026
    2035
    2005
    2009
    2034
    2040
    1887
    1981
    2013
    1959
    2034
    1944
    1952
    1908
    1923
    1883
    1900
    1849
    1924
    1958
    1916
    1929
    1840
    1865
    1836
    1864
    1944
    1854
    1864
    1919
    1936
    1821
    1870
    1868
    1799
    1808
    1837
    1730
    1856
    1774
    1851
    1843
    1817
    1879
    1798
    1825
    1823
    1892
    1793
    1778
    1820
    1747
    1762
    1762
    1824
    1784
    1728
    1755
    1809
    1803
    1789
    1804
    1781
    1785
    1741
    1776
    1786
    1717
    1695
    1706
    1789
    1710
    1740
    1706
    1722
    1723
    1720
    1721
    1695
    1722
    1670
    1709
    1672
    1629
    1646
    1604
    1643
    1593
    1636
    1634
    1602
    1631
    1517
    1490
    1557
    1567
    1506
    1546
    1465
    1512
    1434
    1493
    1443
    1428
    1468
    1423
    1374
    1418
    1337
    1331
    1304
    1304
    1336
    1241
    1255
    1249
    1215
    1225
    1242
    1126
    1164
    1157
    1111
    1101
    1077
    1099
    1108
     998
    1090
    1030
     985
    1001
     952
     995
     928
     957
     936
     899
     911
     826
     816
     808
     841
     795
     800
     831
     822
     755
     717
     787
     769
     762
     749
     653
     752
     637
     672
     689
     693
     637
     645
     591
     616
     599
     628
     618
     637
     632
     601
     573
     570
     561
     532
     585
     518
     539
     523
     526
     546
     565
     577
     511
     489
     511
     526
     508
     503
     557
     521
     503
     494
     492
     491
     525
     510
     497
     447
     445
     506
     484
     498
     480
     461
     448
     438
     459
     479
     509
     469
     503
     505
     519
     497
     500
     506
     483
     529
     474
     510
     506
     549
     560
     534
     497
     591
     550
     593
     600
     596
     661
     669
     638
     628
     690
     674
     689
     735
     744
     799
     813
     855
     861
     852
     882
     929
     950
     968
    1030
    1061
    1080
    1150
    1196
    1234
    1300
    1334
    1412
    1403
    1498
    1596
    1674
    1678
    1754
    1846
    1890
    1999
    2080
    2059
    2128
    2259
    2456
    2400
    2446
    2612
    2820
    2806
    2925
    3026
    3083
    3194
    3258
    3329
    3431
    3583
    3627
    3707
    3815
    3989
    4040
    4220
    4281
    4234
    4250
    4501
    4485
    4658
    4713
    4779
    4844
    4821
    5022
    5188
    5186
    5312
    5205
    5214
    5393
    5328
    5606
    5452
    5554
    5528
    5621
    5559
    5561
    5563
    5749
    5712
    5613
    5509
    5481
    5490
    5469
    5545
    5377
    5380
    5306
    5453
    5068
    5168
    5188
    5073
    5057
    5121
    5000
    4824
    4734
    4653
    4535
    4491
    4444
    4147
    4155
    4130
    4016
    3921
    3859
    3780
    3653
    3717
    3400
    3396
    3209
    3152
    3019
    2980
    2868
    2899
    2688
    2581
    2514
    2496
    2354
    2280
    2343
    2140
    2148
    1979
    1866
    1801
    1803
    1722
    1593
    1565
    1435
    1425
    1456
    1343
    1252
    1168
    1170
    1143
    1073
    1093
     980
     947
     910
     872
     793
     774
     721
     711
     675
     639
     637
     555
     557
     525
     490
     539
     512
     429
     457
     385
     391
     368
     381
     350
     341
     325
     325
     295
     275
     292
     268
     268
     275
     215
     219
     205
     226
     193
     192
     184
     201
     199
     180
     176
     161
     146
     152
     158
     153
     150
     146
     142
     122
     141
     148
     148
     125
     154
     115
     135
     110
     104
     119
     123
     116
      92
     103
     100
      95
     111
      93
     105
      94
     114
     108
      86
      98
      88
      73
      77
      71
      90
      86
      93
      93
      76
      79
      70
      88
      73
      81
      59
      84
      76
      78
      83
      69
      75
      89
      82
      64
      76
      76
      75
      76
      91
      78
      67
      83
      71
      78
      80
      74
      62
      85
      69
      59
      70
      77
      72
      85
      64
      82
      72
      72
      69
      72
      61
      68
      57
      66
      82
      79
      69
      70
      68
      61
      59
      73
      75
      77
      89
      59
      60
      69
      55
      73
      54
      71
      73
      72
      56
      58
      75
      74
      68
      81
      62
      60
      62
      68
      67
      62
      73
      64
      60
      54
      56
      70
      70
      68
      70
      68
      64
      73
      59
      55
      74
      63
      74
      67
      57
      77
      74
      49
      67
      68
      61
      62
      65
      68
      68
      64
      55
      72
      55
      61
      75
      67
      81
      70
      78
      78
      64
      61
      60
      51
      66
      69
      78
      64
      55
      71
      78
      61
      58
      48
      61
      71
      65
      73
      69
      66
      52
      76
      63
      59
      75
      57
      68
      72
      56
      62
      51
      54
      54
      67
      67
      53
      58
      63
      66
      76
    1128
    1402
    1388
    1374
    1401
    1304
    1325
    1352
    1385
    1301
    1372
    1324
    1325
    1283
    1324
    1326
    1256
    1361
    1266
    1290
    1289
    1292
    1320
    1101
$ROI:
0
$PRESETS:
Real Time
4700
0
$ENER_FIT:
0.000000 0.000000
$MCA_CAL:
3
0.000000E+000 0.000000E+000 0.000000E+000
$SHAPE_CAL:
3
0.000000E+000 0.000000E+000 0.000000E+000
