$SPEC_ID:
xxx
$SPEC_REM:
DET# 1
DETDESC# MULTICAN MCB 1
AP# Maestro Version 5.30
$DATE_MEA:
01/01/2000 04:43:44
$MEAS_TIM:
3811 4700
$DATA:
0 1023
       0
       0
       0
       0
   14854
   35398
   11309
    5665
    3678
    2745
    2346
    2053
    1935
    1844
    1709
    1709
    1589
    1640
    1602
    1676
    1617
    1711
    1809
    1796
    1794
    2102
    2145
    2453
    2675
    3095
    3514
    4016
    4594
    5263
    5820
    6269
    6970
    7296
    7491
    7657
    7766
    7641
    7567
    7184
    6620
    6188
    5846
    5359
    4826
    4579
    4021
    3759
    3450
    3259
    3049
    2869
    2750
    2728
    2736
    2661
    2636
    2714
    2745
    2857
    2743
    2929
    2853
    2922
    2978
    3006
    3147
    3191
    3198
    3267
    3406
    3558
    3499
    3540
    3558
    3882
    3780
    3766
    3816
    3942
    3933
    4134
    4005
    4140
    4039
    4236
    4263
    4205
    4458
    4265
    4332
    4307
    4380
    4403
    4397
    4392
    4446
    4443
    4466
    4394
    4520
    4458
    4493
    4442
    4592
    4472
    4476
    4366
    4513
    4418
    4516
    4562
    4438
    4472
    4456
    4429
    4445
    4430
    4437
    4455
    4412
    4429
    4475
    4483
    4483
    4376
    4366
    4429
    4247
    4481
    4483
    4243
    4366
    4354
    4226
    4360
    4275
    4224
    4411
    4342
    4340
    4392
    4328
    4249
    4192
    4221
    4310
    4294
    4038
    4166
    4163
    4156
    4003
    4079
    4013
    4041
    4185
    4080
    4083
    4058
    3953
    3978
    3949
    3954
    3945
    3925
    3892
    4015
    3878
    4010
    3780
    3753
    3904
    3849
    3919
    3773
    3930
    3790
    3827
    3831
    3947
    3879
    3858
    3982
    3850
    3955
    3861
    3922
    3831
    3851
    3914
    4032
    3876
    3971
    3984
    3917
    3960
    3842
    3938
    3981
    3960
    4009
    3960
    4003
    4103
    3965
    3985
    4015
    3981
    4110
    4004
    4077
    4064
    3996
    3953
    3774
    3995
    3938
    3897
    3890
    3918
    3935
    3956
    3886
    3886
    3769
    3899
    3832
    3745
    3723
    3745
    3747
    3670
    3688
    3595
    3573
    3573
    3547
    3542
    3539
    3500
    3589
    3371
    3422
    3363
    3371
    3350
    3370
    3251
    3278
    3205
    3168
    3210
    3247
    3236
    3106
    3071
    3174
    3191
    3132
    3056
    3151
    2917
    2874
    3028
    2932
    2912
    2919
    2843
    2862
    2871
    2765
    2732
    2667
    2728
    2695
    2786
    2670
    2672
    2572
    2663
    2674
    2625
    2616
    2565
    2522
    2493
    2533
    2543
    2485
    2443
    2469
    2437
    2529
    2447
    2466
    2323
    2331
    2330
    2329
    2355
    2426
    2410
    2272
    2293
    2365
    2337
    2214
    2237
    2241
    2266
    2267
    2235
    2273
    2174
    2176
    2188
    2158
    2200
    2122
    2069
    2235
    2213
    2079
    2202
    2067
    2078
    2055
    2112
    2026
    2031
    2190
    2062
    2116
    2066
    2040
    2026
    1986
    2036
    2007
    1943
    2058
    1995
    1967
    1850
    1922
    1943
    1924
    1978
    1964
    1898
    1887
    1909
    1894
    1888
    1964
    1911
    1873
    1902
    1897
    1894
    1871
    1944
    1896
    1827
    1896
    1765
    1795
    1865
    1735
    1753
    1860
    1849
    1833
    1847
    1789
    1772
    1773
    1739
    1761
    1830
    1831
    1720
    1752
    1792
    1767
    1748
    1736
    1745
    1734
    1767
    1765
    1767
    1691
    1691
    1701
    1691
    1681
    1688
    1682
    1649
    1764
    1711
    1675
    1722
    1691
    1658
    1660
    1692
    1632
    1615
    1684
    1671
    1674
    1668
    1688
    1619
    1667
    1671
    1665
    1645
    1681
    1641
    1618
    1634
    1642
    1599
    1612
    1740
    1628
    1604
    1627
    1678
    1658
    1679
    1589
    1613
    1537
    1638
    1606
    1558
    1667
    1647
    1637
    1559
    1626
    1597
    1592
    1604
    1545
    1564
    1499
    1589
    1583
    1543
    1590
    1571
    1601
    1544
    1551
    1529
    1556
    1580
    1551
    1509
    1564
    1554
    1515
    1535
    1515
    1466
    1471
    1486
    1516
    1416
    1424
    1398
    1384
    1412
    1432
    1367
    1353
    1355
    1342
    1356
    1314
    1337
    1306
    1241
    1324
    1266
    1208
    1227
    1175
    1162
    1180
    1134
    1075
    1115
    1125
    1055
    1080
    1086
    1091
    1043
    1013
    1036
    1031
    1012
     967
     938
     946
     921
     883
     926
     885
     897
     847
     820
     842
     819
     848
     773
     775
     751
     730
     688
     775
     727
     705
     673
     721
     642
     665
     660
     640
     657
     629
     622
     654
     610
     624
     653
     582
     553
     569
     553
     562
     568
     573
     560
     493
     557
     531
     553
     504
     527
     551
     542
     501
     479
     487
     510
     465
     524
     482
     472
     434
     447
     457
     459
     448
     509
     486
     506
     518
     456
     466
     440
     418
     477
     452
     439
     466
     437
     469
     436
     456
     461
     428
     432
     467
     469
     475
     473
     442
     455
     457
     452
     467
     479
     480
     490
     501
     491
     515
     502
     516
     488
     540
     542
     500
     548
     518
     526
     531
     593
     552
     632
     583
     601
     636
     642
     650
     647
     697
     751
     737
     816
     866
     824
     851
     858
     893
     961
     955
     988
    1068
    1045
    1153
    1175
    1213
    1263
    1263
    1367
    1443
    1484
    1529
    1572
    1612
    1761
    1812
    1779
    1825
    1973
    2075
    2143
    2211
    2214
    2345
    2453
    2585
    2616
    2791
    2852
    2840
    2984
    3177
    3199
    3237
    3243
    3440
    3396
    3595
    3650
    3752
    3868
    3853
    4054
    4100
    4244
    4224
    4530
    4501
    4493
    4566
    4690
    4732
    4688
    4814
    4964
    4888
    5023
    5070
    5238
    5163
    5188
    5242
    5285
    5159
    5300
    5260
    5289
    5230
    5259
    5208
    5155
    5135
    5144
    5213
    5042
    5062
    5018
    4851
    4854
    4945
    4829
    4759
    4687
    4550
    4492
    4579
    4423
    4241
    4303
    4128
    4073
    3995
    3860
    3786
    3640
    3638
    3497
    3507
    3285
    3137
    3068
    3089
    3070
    2762
    2725
    2661
    2538
    2546
    2404
    2344
    2274
    2175
    2058
    1961
    1899
    1801
    1783
    1695
    1625
    1590
    1452
    1425
    1375
    1362
    1235
    1162
    1130
    1119
    1038
    1006
     974
     904
     826
     740
     813
     764
     686
     637
     636
     652
     582
     574
     529
     479
     443
     456
     459
     384
     409
     414
     369
     343
     348
     312
     328
     313
     279
     275
     228
     234
     235
     235
     224
     222
     187
     236
     201
     194
     196
     191
     176
     168
     164
     160
     168
     164
     145
     140
     165
     145
     129
     135
     128
     147
     119
     123
     143
     136
     115
     128
     116
     137
     127
     118
     126
     120
     126
     113
     133
      90
     111
      98
     118
      83
     101
      98
     105
     101
     107
      91
     109
      89
      91
      95
      87
      82
      79
      76
      91
      94
      88
      76
      85
      81
      88
      95
      96
      82
      86
      93
      93
      72
      70
      84
      83
      83
      85
      89
      76
      97
      87
      66
      74
      70
      95
      78
      86
      65
      71
      70
      88
      78
      77
      84
      80
      70
      84
      56
      78
      87
      67
      73
      64
      78
      65
      67
      64
      76
      58
      71
      81
      65
      67
      79
      70
      59
      78
      60
      62
      81
      75
      63
      65
      52
      76
      76
      79
      67
      74
      77
      63
      73
      86
      78
      77
      70
      69
      62
      68
      73
      71
      76
      74
      74
      55
      60
      68
      72
      68
      75
      80
      69
      79
      72
      57
      72
      73
      75
      70
      71
      65
      69
      78
      72
      76
      72
      74
      69
      68
      61
      52
      66
      65
      56
      65
      77
      77
      70
      68
      75
      75
      53
      57
      74
      64
      74
      69
      59
      65
      63
      64
      67
      74
      67
      65
      74
      65
      74
      68
      66
    1384
    1481
    1519
    1489
    1482
    1421
    1455
    1470
    1434
    1541
    1533
    1496
    1447
    1497
    1531
    1409
    1463
    1404
    1436
    1440
    1362
    1389
    1389
    1244
$ROI:
0
$PRESETS:
None
0
0
$ENER_FIT:
0.000000 0.000000
$MCA_CAL:
3
0.000000E+000 0.000000E+000 0.000000E+000
$SHAPE_CAL:
3
0.000000E+000 0.000000E+000 0.000000E+000
