$SPEC_ID:
Cs137-madera
$SPEC_REM:
DET# 1
DETDESC# MULTICAN MCB 1
AP# Maestro Version 5.30
$DATE_MEA:
01/01/2000 06:29:28
$MEAS_TIM:
3795 4700
$DATA:
0 1023
       0
       0
       0
       0
   21356
   45289
   12680
    5824
    3722
    2719
    2323
    2166
    1906
    1965
    1801
    1753
    1636
    1588
    1644
    1621
    1670
    1721
    1818
    1865
    1911
    2137
    2326
    2643
    2881
    3281
    3904
    4512
    5031
    5780
    6194
    6875
    7101
    7877
    7927
    8011
    7947
    8024
    7608
    7501
    6830
    6253
    5846
    5447
    4940
    4466
    4101
    3665
    3477
    3178
    3064
    2940
    2815
    2750
    2756
    2678
    2750
    2765
    2842
    2808
    2792
    2801
    2985
    3011
    3050
    3151
    3253
    3234
    3341
    3438
    3365
    3534
    3561
    3525
    3747
    3774
    3908
    3880
    4103
    4104
    4043
    4096
    4116
    4244
    4276
    4247
    4460
    4420
    4438
    4478
    4323
    4502
    4516
    4406
    4474
    4494
    4533
    4491
    4623
    4536
    4483
    4570
    4504
    4677
    4550
    4544
    4569
    4562
    4535
    4589
    4654
    4823
    4538
    4637
    4677
    4688
    4526
    4538
    4500
    4594
    4681
    4451
    4545
    4558
    4524
    4472
    4396
    4647
    4444
    4677
    4572
    4461
    4497
    4619
    4575
    4483
    4493
    4454
    4610
    4448
    4464
    4438
    4398
    4318
    4374
    4447
    4416
    4212
    4301
    4295
    4222
    4378
    4238
    4170
    4258
    4229
    4354
    4090
    4161
    4238
    4211
    4154
    4174
    4132
    4164
    4125
    4219
    4096
    4021
    4024
    3980
    4044
    4177
    4092
    4022
    4154
    4037
    4115
    3993
    4023
    3907
    4103
    4052
    4054
    4065
    4127
    3952
    4088
    4198
    4124
    4207
    4285
    4230
    4108
    4241
    4251
    4183
    4268
    4310
    4229
    4336
    4213
    4279
    4459
    4429
    4471
    4385
    4495
    4425
    4457
    4516
    4584
    4596
    4493
    4492
    4428
    4479
    4513
    4425
    4495
    4539
    4371
    4431
    4397
    4399
    4315
    4472
    4323
    4227
    4283
    4204
    4275
    4249
    4320
    4094
    4176
    4065
    4078
    4016
    3992
    3977
    3948
    3949
    3783
    3764
    3833
    3735
    3643
    3699
    3701
    3611
    3580
    3536
    3484
    3429
    3354
    3335
    3385
    3257
    3200
    3231
    3114
    3142
    3091
    3111
    3076
    3022
    3005
    3008
    2890
    3027
    2730
    2797
    2842
    2731
    2843
    2719
    2777
    2687
    2687
    2656
    2642
    2533
    2552
    2660
    2496
    2534
    2559
    2552
    2463
    2503
    2444
    2398
    2504
    2403
    2475
    2435
    2370
    2459
    2308
    2408
    2322
    2291
    2278
    2386
    2291
    2224
    2228
    2306
    2268
    2258
    2183
    2199
    2153
    2187
    2225
    2176
    2143
    2118
    2177
    2052
    2119
    2115
    2144
    2107
    2049
    2070
    2085
    2102
    2051
    2080
    2075
    2054
    2081
    2134
    1998
    2091
    2036
    1998
    1972
    2016
    2006
    2053
    1964
    1909
    1963
    1937
    1978
    1919
    1937
    1919
    1890
    1867
    1942
    1826
    1982
    1901
    1938
    1852
    1896
    1872
    1900
    1803
    1806
    1815
    1867
    1771
    1880
    1848
    1899
    1780
    1860
    1808
    1790
    1743
    1761
    1795
    1748
    1832
    1798
    1699
    1802
    1774
    1742
    1772
    1671
    1758
    1710
    1733
    1740
    1718
    1700
    1707
    1670
    1727
    1706
    1712
    1660
    1811
    1618
    1758
    1690
    1648
    1676
    1629
    1702
    1678
    1612
    1725
    1680
    1735
    1659
    1748
    1598
    1716
    1665
    1661
    1586
    1703
    1577
    1636
    1617
    1698
    1646
    1620
    1638
    1625
    1622
    1559
    1656
    1611
    1676
    1650
    1599
    1556
    1603
    1635
    1563
    1576
    1603
    1555
    1575
    1600
    1548
    1588
    1618
    1600
    1578
    1590
    1634
    1590
    1614
    1561
    1543
    1539
    1483
    1590
    1470
    1515
    1550
    1570
    1561
    1472
    1501
    1528
    1544
    1472
    1453
    1569
    1454
    1515
    1474
    1445
    1430
    1397
    1328
    1345
    1316
    1410
    1381
    1364
    1351
    1351
    1306
    1322
    1238
    1249
    1282
    1270
    1241
    1166
    1183
    1204
    1251
    1162
    1094
    1103
    1093
    1068
    1088
    1038
    1088
    1063
    1011
    1018
     995
     978
     984
     923
     884
     955
     981
     838
     887
     866
     877
     858
     828
     844
     738
     808
     738
     821
     719
     690
     741
     696
     695
     741
     666
     667
     670
     649
     654
     637
     598
     589
     623
     610
     591
     618
     598
     590
     551
     575
     568
     578
     558
     569
     521
     576
     509
     526
     488
     531
     527
     519
     506
     454
     512
     504
     534
     448
     478
     473
     516
     471
     450
     478
     446
     478
     469
     476
     439
     452
     458
     452
     458
     454
     410
     431
     427
     450
     442
     453
     429
     438
     424
     444
     407
     459
     422
     457
     436
     484
     443
     452
     443
     450
     468
     494
     488
     517
     489
     465
     470
     513
     495
     513
     508
     544
     502
     552
     576
     572
     578
     603
     613
     660
     616
     686
     657
     714
     687
     760
     750
     763
     808
     819
     830
     854
     889
     959
     960
    1002
    1066
    1114
    1172
    1171
    1199
    1267
    1322
    1278
    1541
    1481
    1533
    1597
    1647
    1709
    1797
    1889
    1930
    2049
    2118
    2090
    2142
    2286
    2400
    2388
    2613
    2714
    2729
    2841
    2837
    3041
    3207
    3330
    3249
    3444
    3442
    3664
    3763
    3684
    3886
    3909
    4006
    4041
    4329
    4192
    4396
    4380
    4670
    4606
    4702
    4790
    4754
    4874
    4828
    4833
    5108
    5005
    5204
    5136
    5129
    5313
    5269
    5158
    5274
    5222
    5247
    5263
    5232
    5313
    5199
    5186
    5193
    5261
    5137
    5120
    5114
    4929
    4849
    4972
    4861
    4710
    4639
    4503
    4578
    4595
    4404
    4230
    4231
    4182
    4042
    3997
    3869
    3871
    3695
    3557
    3507
    3433
    3331
    3238
    3138
    3009
    2899
    2824
    2762
    2615
    2602
    2516
    2410
    2392
    2219
    2147
    2003
    2007
    1909
    1850
    1753
    1753
    1570
    1487
    1484
    1344
    1378
    1272
    1282
    1221
    1166
    1039
    1013
     961
     958
     845
     815
     802
     751
     771
     720
     690
     598
     581
     583
     549
     499
     503
     450
     485
     409
     410
     400
     380
     339
     343
     320
     338
     288
     294
     299
     285
     260
     265
     235
     208
     230
     207
     200
     191
     193
     215
     184
     192
     178
     155
     162
     169
     163
     134
     146
     152
     119
     132
     126
     127
     135
     141
     109
     125
     124
     130
     113
     109
     125
     119
     128
     122
     103
     110
      99
      99
     105
     106
      83
     129
     106
     117
     123
     116
     105
      95
     100
      90
      98
      92
      86
     105
     100
      86
      82
      95
      91
      59
      82
      88
      83
      77
      85
      87
      71
      82
      80
      79
      83
      93
      77
      80
      72
      80
      82
      80
      77
      62
      78
      69
      74
      86
      78
      80
      79
      72
      81
      72
      71
      96
      71
      89
      88
      79
      72
      79
      62
      93
      71
      93
      70
      65
      78
      77
      69
      68
      68
      70
      75
      93
      57
      68
      71
      61
      79
      72
      64
      57
      69
      74
      73
      63
      70
      75
      61
      61
      67
      71
      74
      74
      78
      80
      72
      56
      61
      73
      66
      63
      65
      72
      69
      67
      80
      65
      69
      49
      56
      82
      58
      62
      65
      80
      71
      59
      65
      77
      78
      65
      65
      79
      70
      76
      59
      72
      65
      59
      57
      77
      69
      68
      73
      63
      70
      81
      63
      70
      75
      82
      75
      68
      67
      58
      80
      68
      63
      67
      65
      79
      64
      68
      72
      60
      76
      59
      57
      61
      72
      78
      82
      73
      65
    1250
    1519
    1478
    1462
    1500
    1497
    1465
    1510
    1508
    1419
    1442
    1407
    1406
    1453
    1376
    1452
    1430
    1392
    1417
    1419
    1417
    1393
    1375
    1263
$ROI:
0
$PRESETS:
Real Time
4700
0
$ENER_FIT:
0.000000 0.000000
$MCA_CAL:
3
0.000000E+000 0.000000E+000 0.000000E+000
$SHAPE_CAL:
3
0.000000E+000 0.000000E+000 0.000000E+000
