$SPEC_ID:
Fondo-17-9-4700s
$SPEC_REM:
DET# 1
DETDESC# MCB 1
AP# Maestro Version 5.30
$DATE_MEA:
01/01/2000 04:13:22
$MEAS_TIM:
4131 4700
$DATA:
0 1023
       0
       0
       0
       0
    5505
   17555
    9366
    4481
    2302
    1252
     893
     824
     788
     783
     608
     584
     559
     500
     543
     533
     540
     613
     585
     609
     602
     604
     666
     618
     685
     676
     718
     709
     747
     704
     742
     781
     745
     823
     800
     822
     838
     879
     909
     848
     914
     927
     931
    1049
    1037
    1079
    1135
    1129
    1260
    1270
    1291
    1400
    1379
    1461
    1653
    1680
    1758
    1819
    1889
    1868
    2041
    2049
    2157
    2214
    2303
    2409
    2498
    2497
    2558
    2790
    2657
    2799
    2884
    2965
    2970
    3102
    3161
    3223
    3182
    3286
    3367
    3383
    3320
    3402
    3452
    3422
    3362
    3592
    3540
    3517
    3589
    3547
    3506
    3532
    3609
    3461
    3547
    3567
    3536
    3439
    3491
    3392
    3434
    3468
    3507
    3583
    3422
    3446
    3381
    3497
    3355
    3255
    3305
    3354
    3352
    3279
    3297
    3206
    3244
    3293
    3198
    3150
    3163
    3072
    3105
    3030
    3075
    2958
    3023
    2945
    3001
    2919
    2925
    2821
    2900
    2816
    2906
    2792
    2696
    2764
    2764
    2694
    2742
    2687
    2545
    2551
    2573
    2561
    2620
    2519
    2480
    2490
    2570
    2504
    2327
    2302
    2364
    2369
    2233
    2282
    2262
    2250
    2240
    2262
    2234
    2178
    2205
    2146
    2170
    2021
    2085
    2053
    2137
    2017
    2040
    1994
    1992
    1913
    2018
    1915
    1930
    1860
    1825
    1895
    1776
    1883
    1804
    1790
    1801
    1771
    1759
    1721
    1748
    1710
    1678
    1780
    1592
    1564
    1667
    1684
    1612
    1584
    1587
    1566
    1501
    1503
    1496
    1591
    1497
    1470
    1428
    1490
    1489
    1468
    1477
    1455
    1522
    1349
    1459
    1419
    1401
    1425
    1368
    1391
    1384
    1366
    1353
    1317
    1319
    1270
    1320
    1306
    1308
    1345
    1269
    1228
    1295
    1253
    1217
    1209
    1161
    1109
    1183
    1208
    1148
    1155
    1088
    1143
    1112
    1115
    1099
    1044
    1086
    1030
    1052
    1013
    1038
    1006
     950
     975
    1030
     982
     878
     965
     918
     903
     898
     943
     882
     874
     864
     855
     845
     822
     841
     820
     869
     799
     826
     804
     751
     813
     756
     763
     818
     767
     758
     790
     733
     733
     742
     735
     715
     674
     693
     726
     683
     736
     685
     703
     711
     668
     704
     711
     676
     644
     642
     651
     624
     665
     617
     670
     669
     553
     583
     621
     591
     580
     603
     589
     587
     581
     552
     606
     596
     564
     552
     625
     558
     601
     572
     531
     590
     515
     582
     530
     561
     561
     502
     507
     556
     559
     514
     544
     561
     480
     486
     519
     519
     505
     501
     492
     518
     491
     467
     465
     444
     476
     466
     457
     424
     472
     427
     462
     404
     452
     412
     425
     422
     381
     404
     402
     398
     385
     406
     379
     396
     406
     379
     349
     362
     376
     377
     385
     398
     388
     359
     350
     344
     362
     326
     304
     316
     356
     343
     346
     333
     316
     344
     320
     326
     319
     311
     303
     318
     323
     325
     279
     306
     311
     307
     293
     313
     278
     328
     302
     298
     271
     286
     288
     308
     286
     271
     292
     251
     258
     293
     278
     279
     302
     292
     306
     267
     279
     267
     246
     305
     285
     242
     267
     262
     260
     234
     266
     223
     242
     284
     255
     267
     284
     239
     242
     274
     243
     241
     262
     241
     239
     264
     223
     231
     241
     223
     270
     259
     239
     222
     244
     227
     244
     234
     252
     247
     226
     234
     243
     253
     244
     229
     241
     241
     242
     263
     231
     246
     226
     208
     234
     204
     217
     254
     218
     218
     223
     225
     210
     225
     223
     208
     208
     184
     212
     198
     236
     235
     216
     223
     212
     215
     219
     225
     214
     214
     191
     224
     206
     223
     203
     195
     191
     199
     183
     234
     180
     201
     205
     203
     204
     225
     175
     186
     203
     212
     184
     205
     202
     170
     196
     195
     203
     197
     215
     188
     191
     209
     192
     177
     171
     178
     187
     199
     216
     200
     169
     188
     188
     172
     183
     187
     217
     205
     177
     179
     186
     175
     217
     174
     223
     210
     200
     190
     175
     206
     191
     204
     199
     202
     182
     195
     166
     177
     186
     182
     204
     210
     187
     186
     184
     176
     161
     183
     164
     190
     200
     169
     171
     171
     182
     162
     228
     182
     178
     162
     190
     147
     166
     147
     177
     144
     171
     156
     179
     167
     173
     146
     167
     158
     173
     164
     146
     153
     144
     171
     127
     156
     162
     142
     153
     158
     129
     142
     139
     163
     131
     152
     112
     137
     115
     133
     126
     140
     128
     148
     154
     118
     149
     130
     117
     124
     138
     132
     114
     126
     117
     137
     113
     127
     116
     131
     113
     151
     149
     119
     130
     110
     136
     130
     105
     120
     103
     124
     119
     115
     118
     111
     117
     116
     105
     119
     116
     113
     117
     119
     102
      93
     113
     116
     122
     106
      90
     107
      99
     136
     107
     116
     104
     109
     123
     115
     105
      98
     115
     110
      96
     102
      93
     112
     125
      95
      86
     112
     115
      98
     108
     115
     121
     110
     108
     110
     111
     104
     101
      90
     101
      97
     115
     116
     115
     122
     123
     109
      88
      99
     107
      82
      97
      80
     109
      92
      97
     105
      89
     100
     119
      70
      86
      84
      95
     111
      95
      93
      84
      98
      92
      98
      77
      96
      99
     100
      98
      96
      95
      97
     105
      93
      89
      87
      89
     112
     101
      86
     100
      90
      95
      93
      77
     101
      97
      83
      96
      70
      90
      95
      90
      85
      80
      75
      75
      68
      87
      91
      78
      90
      89
      92
      94
      88
      96
      86
      83
      85
      95
      72
      89
      89
      87
      96
      72
      72
      85
      74
      84
      68
      97
      75
      83
      71
      74
      76
      81
      87
      75
      73
      84
      82
      77
      86
     105
      87
      57
      87
      88
      65
      60
      96
      82
      82
      70
      52
      79
      83
      75
      72
      92
      85
      76
      60
      69
      94
      82
      69
      85
      78
      79
      84
      92
      79
      80
      72
      95
      86
      77
      66
      86
      81
      85
      74
      87
      90
      89
      63
      72
      67
      83
      75
      87
      89
      98
     102
      68
      85
      70
      82
      89
      73
      78
      93
      83
      88
      80
      83
      69
      93
      90
      86
      83
      73
      81
      72
      84
      77
      76
      64
      99
      77
      75
      85
      79
      77
      71
      73
      74
      79
      77
      82
      88
      90
      83
      80
      74
      57
      85
      74
      78
      92
      82
      88
      75
      82
      77
      76
      95
      78
      71
      67
      61
      67
      73
      80
      80
      67
      72
      80
      67
      88
      80
      78
      63
      81
      78
      59
      67
      67
      74
      62
      67
      65
      72
      72
      66
      55
      61
      73
      66
      53
      48
      76
      63
      73
      45
      71
      60
      55
      59
      74
      69
      81
      56
      68
      59
      51
      61
      62
      53
      66
      50
      58
      57
      68
      52
      70
      55
      70
      55
      49
      47
    1259
    1422
    1350
    1429
    1427
    1456
    1348
    1439
    1417
    1394
    1386
    1451
    1409
    1425
    1384
    1395
    1353
    1367
    1313
    1372
    1342
    1350
    1337
    1138
$ROI:
0
$PRESETS:
Real Time
4700
0
$ENER_FIT:
0.000000 0.000000
$MCA_CAL:
3
0.000000E+000 0.000000E+000 0.000000E+000
$SHAPE_CAL:
3
0.000000E+000 0.000000E+000 0.000000E+000
